"i","asc1","desc1","asc2","desc2","pol1","pol2","tran12","tran21","p"
1,0.044954547763541,0.0261542051194177,0.0399540266974847,0.0212682125116431,0.00733485822409369,0.0198691498448418,0.0305454410736378,0.0498875053199363,-981.606447267074
2,0.0355884322678879,0.02113578314238,0.0213340222269616,0.0347967646501609,0.00735911675692392,0.0150886713202909,0.0164004337745401,0.0236717997119162,-957.684816662312
3,0.023004782566311,0.0139690478933084,0.00362280888255487,0.0311187097179273,0.00704068933674872,0.0257583621492284,0.0163392613069438,0.0262187443081167,-941.662723874574
4,0.0125726095197131,0.0276505493962514,0.00405899922457303,0.0341722316783468,0.00858495364899706,0.0265340740916175,0.0194713719907355,0.0153907453514236,-940.132774980378
5,0.00708996422446388,0.0209851070454921,0.00422516019133526,0.0181120249809392,0.0161359417139938,0.00901828836203605,0.015382865489013,0.0144511645714574,-941.320397636176
6,0.00809350384145624,0.0212478902128741,0.00450473729448758,0.0226356228894558,0.0159045577462232,0.0237806695944958,0.0151487557066047,0.0198465234922312,-937.83974279968
7,0.00624401043374896,0.0225263951226033,0.00368667829348543,0.0219562599942791,0.0172828368447153,0.0174419821035763,0.0163611057297094,0.0200143647526472,-938.062424296168
8,0.0140606654295039,0.0205345107750024,0.00117620893068198,0.0187839423980989,0.0114027199152947,0.014845442790556,0.0167202471534365,0.0225197540590091,-934.923497554377
9,0.013237498505171,0.0165320765804323,0.00539501698520367,0.0318780893994433,0.0125684134911745,0.0134627691977667,0.0144881630349084,0.0165420931892314,-937.286392307978
10,0.0155235554846297,0.0173815123395522,0.00262632304656617,0.0291397892985721,0.0124084271686488,0.0172591194132953,0.0164256631672844,0.0243065475387647,-935.714961542655
11,0.00922411362420113,0.0256371026416857,0.001453907855629,0.0286468719047525,0.0117038966183639,0.0205863186496099,0.0174746769252312,0.0213570952428356,-935.416228006
12,0.0126407468762043,0.0210559379846587,0.00566305319657566,0.0232332784885993,0.0119343201379825,0.0108662026367408,0.0146079312194293,0.0177865281947191,-935.853776181485
13,0.0143465562078412,0.0245749081781482,0.00333889926387057,0.0212112345313784,0.00945779488104701,0.0124428294117456,0.0165530682393914,0.0312337540609073,-936.382293129622
14,0.0140474529562796,0.0248094738575058,0.00445491785861093,0.0172301246867179,0.0121455394532214,0.0167589635429309,0.0173711764438045,0.0286557265452448,-935.671215631419
15,0.00910397518982779,0.0252545706366316,0.0102929552826206,0.0290764255710112,0.00916852370258809,0.0107227503734854,0.0200351582273981,0.0312038772555512,-938.650759817954
16,0.0109535714440661,0.0194443601306162,0.0129196057853212,0.0267129152067844,0.013244276714963,0.010513127646881,0.0273399147051827,0.0290831996496189,-943.531261599749
17,0.0108474308579675,0.0225509293773296,0.00590892562123156,0.0261279685651172,0.00684240806066603,0.0265731815987398,0.0121111005787929,0.00697630990317815,-941.723169211277
18,0.0160338200629025,0.0277719753403968,0.0053760977226624,0.0194102108257522,0.00976755088302682,0.0275957659183665,0.0177182783460861,0.0401993867208867,-942.433051840482
19,0.00739854809233193,0.0274457375340442,0.00243609744791819,0.0214011160903484,0.0105942327692852,0.0265630144836472,0.0167455989631395,0.0164858928636804,-936.630409623773
20,0.013451274053589,0.0235662295001904,0.00105617806782194,0.025462577553787,0.00986443673543709,0.0260701403624009,0.0143155083059224,0.0175030818281357,-936.457465843927
21,0.0109194331504239,0.0255446826644761,0.00652408625204808,0.0222825424243117,0.0081891165454346,0.0191471844955241,0.0154884486096457,0.0245435408494208,-935.261817765401
22,0.012175678617602,0.0214708911743449,0.00508541789526435,0.0210325248320214,0.00794383997864296,0.0190139555692909,0.0187811900069131,0.0231990681928001,-935.022028486681
23,0.0125463340902759,0.0148342674913339,0.000611508404315706,0.0315798291774579,0.0086359129213859,0.0189084405563515,0.016048589415521,0.0254791585620078,-937.748563929958
24,0.00906966354323801,0.0184113269150981,0.00506455795261565,0.0274443550646431,0.00991898879680109,0.0252079938032096,0.0167154575784778,0.0219480508787717,-935.831209042146
25,0.01505812817027,0.0160220924838003,0.00275201766263013,0.0305119559501519,0.00764434269576445,0.0194701688468861,0.0155187660690162,0.0249210693077498,-936.687014148448
26,0.014136662231708,0.0289795718991983,0.00504273910444595,0.0139775317907503,0.00918556276490098,0.0194674337517559,0.0179602707099179,0.0261105740952308,-937.216418145337
27,0.0139417972179889,0.021480914754908,0.0028996343031176,0.0377993199209052,0.0106527501971745,0.0213355654993301,0.0229672463371163,0.0224773166139596,-939.069435895535
28,0.0132560111158805,0.0194238428332523,0.00822762912499,0.0347290330110872,0.0094076986117035,0.0220783097274574,0.0138270131157363,0.0220835554650534,-937.20375309371
29,0.0110972011642353,0.0211968764564672,0.00844391300737025,0.0187532301130752,0.0102621075708656,0.0142376173767054,0.0186610672152929,0.0433074255237676,-939.770094727444
30,0.0104313047922161,0.0215393191332186,0.0132972671199935,0.0269587268927083,0.00998605325191657,0.0205768958859379,0.0136185200471153,0.0426883206014465,-943.720885423113
31,0.00981099796196667,0.0205462006687539,0.0174209589261993,0.0353928276750145,0.00773291302053553,0.018973840620856,0.0144534061150123,0.0165881088247727,-940.6737869517
32,0.00811549944635963,0.0219394930152832,0.0052456010346835,0.0246782640079819,0.0073366628202723,0.0178220544197723,0.0132137259746868,0.0202547639194356,-936.760968552404
33,0.0103760630566057,0.0314746354704714,0.000889951185622622,0.0300943170286279,0.00676364112239812,0.0227635811340132,0.0150791940117872,0.0197759659425876,-940.374373993216
34,0.00710693396662236,0.0203852686841072,0.00937750578863318,0.043721368637085,0.0101062000051632,0.0162473293256284,0.0194028346448502,0.0312212452948061,-939.73395859117
35,0.0113857261125437,0.0231902771667723,0.00572571525329579,0.0357557754985333,0.00860981014663625,0.0141501355418995,0.0171609659115429,0.0166750711615299,-936.917392806015
36,0.0123373708757158,0.0184218343564693,0.00153026229063617,0.0292406473124074,0.011322441183238,0.01552377233081,0.0182661789486093,0.0219719604697741,-935.046379221756
37,0.0129246593789076,0.0212105827497392,0.00575937924662029,0.0195374493495163,0.0142960323734545,0.0180567175664992,0.0187860054408883,0.0342480712465948,-937.632533006122
38,0.0126877863450818,0.0260441202919231,0.00483948827811895,0.020438599814653,0.00886797104448158,0.0147774886944904,0.0228910884946675,0.0324432780638576,-937.320234773879
39,0.00785895878413602,0.0251372757805935,0.00663314917122354,0.0283610064757102,0.0110304412756753,0.0150708601083278,0.0190568460192698,0.0180679768301652,-935.787326802191
40,0.00820090073362957,0.0238370363747058,0.00441275431583276,0.0217838544684589,0.0125876063281114,0.0202996921363736,0.0190272019311512,0.0239807623935384,-934.998821183816
41,0.00813851056178753,0.0240682906570394,0.00146168520701556,0.0307024908987572,0.0100213278649769,0.0241232607651025,0.0125173581826217,0.0244734753702189,-938.318371509542
42,0.00623846978121307,0.0324829377087519,0.0098392800106412,0.0234645180318877,0.0115781793526159,0.0173039518176603,0.0210073037495207,0.0233847146539414,-937.958033592075
43,0.00566891709463746,0.029284322025576,0.0124732469596779,0.0221501695048581,0.0113262319080494,0.0153098589481417,0.0168836946648469,0.0243673099815353,-936.486186145601
44,0.0062289926778092,0.023918744355292,0.0146088682914626,0.0166993218839797,0.0118336547321058,0.0190539890934628,0.0167548037345986,0.0292262541566709,-938.48339775953
45,0.00813526904065021,0.026609991634086,0.00387464501848178,0.0220563661383297,0.0113326376505065,0.0248495555167758,0.019452119207113,0.0363894705953935,-937.916722703895
46,0.00668052462505194,0.0298696311712521,0.00598054866254097,0.0100796705276843,0.0126009234159544,0.0151674462088981,0.0217005252348745,0.0257792510811042,-939.350888789151
47,0.0104043163037746,0.025458625449456,0.00281891057971646,0.0372301881957852,0.009580452507655,0.0146804495741233,0.0150273173323798,0.0313005890584475,-938.661353861346
48,0.01356046888766,0.014021217785499,0.00818249035237691,0.0184406129684148,0.010482511697074,0.0185782997390941,0.0178229257368658,0.0217114742046711,-938.478158711395
49,0.0115474151437299,0.0344895377061266,0.00319849810542376,0.0193631410375634,0.00794389517631617,0.0188806575260865,0.0147117521939242,0.0291970541465296,-938.745909015715
50,0.00838701288852285,0.02106760697616,0.00390621101385349,0.0269206977128344,0.00835305067004652,0.0202916007864893,0.0205084887947613,0.0251658027937965,-936.035520405074
51,0.0118414435034481,0.0247470945370763,0.00601229556285123,0.0260473949001927,0.00943207215367459,0.0249842853602463,0.0175099444888024,0.0245161574331697,-935.837906518086
52,0.0164662347195789,0.019625989944294,0.00330751680958417,0.0191360774727255,0.0136810864066133,0.0193001035693552,0.0176165828616148,0.0264670526209092,-936.620471544616
53,0.017046848256039,0.0196027026439758,0.00312601185165578,0.0247516810597276,0.0077494669384861,0.0237726346773417,0.0159094529384376,0.0292110151860404,-937.171135804301
54,0.00976419141283044,0.0234360625358661,0.00552348928826673,0.0314894124543443,0.00493120497232533,0.0154722976629562,0.0193781259018664,0.0406584554950246,-944.626286945924
55,0.00859362141635025,0.0217669310269238,0.00649578086907828,0.0411475773054535,0.0206219946961792,0.0170751144104728,0.0204239144632299,0.0297123678622621,-946.333123567923
56,0.0106099142590357,0.0163409287841916,0.00188184549705537,0.0395281268406905,0.0183404147421298,0.0183991917380479,0.0151669190308601,0.0260735476646037,-943.9511380384
57,0.00943711588392916,0.0167869057657112,0.000856587357816345,0.0194687243665735,0.0124731505948786,0.0172263503701457,0.0220658633190405,0.0249887388084869,-939.017901980985
58,0.0196938750497048,0.0206931445479227,0.0048680967168011,0.0331814207418027,0.0089358213751486,0.0122269931091773,0.011675110932272,0.0170179979801915,-940.436938464277
59,0.0156791466300575,0.0245276614876226,0.00609954066177272,0.0299017517205099,0.00997224797413007,0.0219382286380814,0.0137234605532583,0.026735451178839,-937.921162476508
60,0.0146473240231943,0.0222609875899901,0.00636422737286984,0.0308749313188922,0.00967102715492494,0.0180963150026864,0.0216610806967943,0.0292715976522146,-936.896035247124
61,0.0146665446821861,0.0204561129760323,0.00750650646701071,0.0315000283246347,0.00912292497757648,0.0132502310162407,0.0232842283696261,0.0327913031676317,-938.925850476565
62,0.0138740685839072,0.0217677181336569,0.00123337570143381,0.0161613585676567,0.00900201589331524,0.0136219020033548,0.0140882175070684,0.0230477627786854,-936.380343656484
63,0.0135888891544438,0.0273281608282868,0.00543314250957483,0.0217092277465457,0.0104506548681698,0.0172817528540082,0.0149390641883633,0.0227291915398028,-935.074080411102
64,0.0109773843492035,0.0221880175576585,0.00776436468660929,0.0262641207928193,0.0117739496271554,0.0130716334267441,0.0189180190346775,0.0339181795402627,-936.609513820327
65,0.0151388667757539,0.0228481227470746,0.00606313056882848,0.0212128521386099,0.011097766586344,0.0150975887411785,0.0211113013508405,0.0323719721380852,-936.652033054553
66,0.0110630070200551,0.0214711317275245,0.0142354200537629,0.0292390200357816,0.0111565619757359,0.0139244325531614,0.0215137391609935,0.0175011957931657,-939.771510221115
67,0.0160094596749436,0.0235582412671681,0.00584093177536422,0.0216891295222642,0.013321951797134,0.0242243038770394,0.0214241190634519,0.0181584097920084,-940.120640241574
68,0.0145014353012002,0.0234490391067003,0.00283505475969374,0.0217456702715449,0.0126813792048064,0.0142272865371164,0.0162708464256737,0.0267032519545315,-935.183414626094
69,0.00741664038435523,0.023419566444823,0.0026038150086751,0.0195826132132876,0.00981766828251148,0.0228596023995173,0.0193039956338125,0.0220131831279209,-935.819529032344
70,0.0150521162427748,0.0203875000849715,0.00315307922253849,0.018238917553793,0.0140786299483221,0.0168243564508066,0.013202154257117,0.0205319908094097,-936.469287194918
71,0.00714981541493871,0.021699025087439,0.00865723090621181,0.0311745114087243,0.0134920468154799,0.0169660298449693,0.0200485184504603,0.0229096212344791,-937.510083549149
72,0.0141759911725506,0.0215366880488707,0.00924954234606751,0.026096361831606,0.00703578077950822,0.0174471964584409,0.0169701831035278,0.0191776953934516,-937.315250200253
73,0.0125340480790605,0.0235614904654503,0.00371346582043807,0.0314612626661059,0.00648958575383574,0.0129888706479945,0.0162859097758705,0.0231940104262489,-938.313273627731
74,0.0135915109734274,0.020598371685145,0.00291530925233611,0.0180434096318316,0.0147645325399713,0.0259879452050296,0.0147525890656795,0.0235583752221162,-938.508967022307
75,0.0130444691072378,0.0181796080156327,0.00416526879388863,0.0193741324565864,0.00646885863983658,0.0243990754758707,0.0137519509647032,0.0223292182557951,-938.518420680875
76,0.0142966216717429,0.0208267981028933,0.000384066381340932,0.0309242294024337,0.007066718547331,0.0239469135259904,0.0136611790660634,0.0168501004023479,-939.094203578496
77,0.0144087713064594,0.0160884093360379,0.00999894762607588,0.0192320356811678,0.013471940540885,0.0147813196260924,0.0133525216684574,0.0171768196342011,-939.477547297758
78,0.0101411842783299,0.0220007048582886,0.00766269378465681,0.0260786558816454,0.00968861802287487,0.0160447069485405,0.0182404574143101,0.0143585131922928,-935.955544789721
79,0.00976647840783823,0.0206788735312806,0.00253465464763539,0.0190679186943598,0.0114205960991518,0.0156989484432177,0.0142536238541427,0.0172811271135194,-934.627196691747
80,0.0119845145058959,0.0149087183750709,0.00839223895259694,0.033182587601868,0.0121454525272313,0.0141540840963204,0.0137331105436194,0.0164356811409239,-939.066773739691
81,0.0101025670112788,0.0166738942042417,0.00491934515378559,0.0268170095737428,0.0100348274876937,0.0171777890368977,0.0169064137201082,0.0303504715966241,-935.984047053472
82,0.0162457428708614,0.0269092165133512,0.00826457161796139,0.0289818985924665,0.0102829086456746,0.0172051268090492,0.0148542857199915,0.0118271339920168,-939.125518877162
83,0.0163687335356971,0.0173219724665346,0.00572616081232973,0.0269811129228275,0.00884954723528554,0.0206098043975311,0.016335407526961,0.0135357783157933,-936.966286490208
84,0.0135475961643118,0.0267887773800645,0.0119231991677867,0.0229505926370042,0.00961847968359844,0.0156589483946776,0.0153151803543121,0.0273699583553963,-937.67270465321
85,0.00400188295341714,0.0266583238370479,0.00329062027917982,0.0241287531274057,0.0104506970712936,0.0194999732397059,0.0164889955111284,0.0286964832545367,-936.552210017279
86,0.00457595939281009,0.0221799281646638,0.008136706212649,0.0224987517222975,0.0109253784850229,0.0150170142325381,0.0171297730982456,0.0229371546044131,-936.678852835909
87,0.0105933348204339,0.0277349057078143,0.00880944876819454,0.0217476609451971,0.0113902643979785,0.018305245579722,0.0147037265761158,0.0196059804279774,-935.609957468894
88,0.00707777505190435,0.0303616071938936,0.0102964604318376,0.0107295988534401,0.00914246706278466,0.0269194792403442,0.0200272801531251,0.0291872860563979,-941.345698687243
89,0.00801919963194741,0.0257462442508885,0.01110559058497,0.0355194298473423,0.0100995782447051,0.0225343982003491,0.0170044743688902,0.0105716214676284,-939.538902773933
90,0.0136439996444509,0.0224626305314072,0.010945562429636,0.00546002252675523,0.00918656629417674,0.0166934113978166,0.0155090242067906,0.0194945298416938,-941.037737954663
91,0.0145296676214348,0.0310794756780182,0.00916030821927432,0.0127842242762269,0.0113284034500515,0.0180253596680442,0.017512461446612,0.0273241521871458,-939.51932917903
92,0.0149660418780075,0.0285514872395166,0.00525340566074741,0.0148383729044573,0.00900654786730965,0.0140351903270106,0.019995628330376,0.0094691217037894,-942.111634228429
93,0.0071612717211384,0.0255696272553041,0.0092826165949527,0.0330242133510949,0.00930382957836602,0.0143667619980162,0.0168582676175594,0.050996121069526,-944.631569250045
94,0.0102819584844719,0.023554561006848,0.00641219507657149,0.0320940526159081,0.0123344405555189,0.0301495654928751,0.0227767391114598,0.0265755595221833,-941.077795559899
95,0.00838327200909114,0.0177915463108429,0.00421936563844531,0.0323401041663856,0.00989293675564396,0.0239202029964545,0.0212110909427742,0.0280319499558126,-937.632920372856
96,0.00912826459784012,0.0184096083799917,0.00201036849976721,0.0212093322703638,0.012592705179537,0.011539612851776,0.0150604840286009,0.0198290853627984,-936.640788156264
97,0.0122711201005241,0.0202247051700358,0.00237955314923529,0.0194058238200583,0.0126158974983204,0.0198701948485888,0.0169607981265817,0.0197677641884714,-934.686732933295
98,0.00831495565588553,0.0254793775005665,0.00592641914451305,0.0155490848848212,0.0122506639409566,0.011485175334746,0.0178533652494044,0.0293066132097611,-936.851354000501
99,0.00823910096535108,0.0251073431943995,0.00824509890139539,0.0152463071146427,0.0136998252945738,0.0184785072757449,0.0188451988982562,0.0242997838076976,-937.197877223093
100,0.0121583616775732,0.0219547054662298,0.00953258634179538,0.0185407998809472,0.013638612071488,0.0164215445010769,0.0202025452280808,0.0266920625918893,-937.399611919074
101,0.00766886760036121,0.0298196211870168,0.00502511483898604,0.0312387625831064,0.00816690172277459,0.0198875166580995,0.0143749180490516,0.0250487116682731,-937.726384421518
102,0.00717269687021464,0.0249986095176604,0.0030081137771968,0.0311461997667018,0.0117257929789302,0.0148069267276835,0.0187239779392424,0.0285480306374099,-935.961967400481
103,0.00570646658306468,0.0247518677578954,0.00634161053111777,0.029806121508325,0.0109589602649438,0.0153114397047717,0.0201029723939685,0.0179397675857803,-937.114252114103
104,0.0151817650946107,0.0269955914124481,0.00509104301461337,0.0334065612434123,0.00899572572256455,0.0204511255442177,0.0122676447854955,0.0150621086581608,-939.098629231771
105,0.00799350568512306,0.0235751004086379,0.00547591281140174,0.0296985891315922,0.0127800190708295,0.021211510880997,0.0157892357141807,0.0209610187134277,-935.614806167106
106,0.0116734054837558,0.0181443738419463,0.00586398320650715,0.0210948608367686,0.00727617097771336,0.0247772827662411,0.0170364254060224,0.0217784079699197,-937.029248602919
107,0.0154169696397026,0.0193076824823264,0.00318559766507402,0.0255101793892042,0.00933186269079649,0.0233794675845234,0.0193793203897651,0.0305871877969512,-936.055279066525
108,0.0139961758886253,0.0190120926251163,0.00764111760931814,0.024710415513185,0.0100635224853445,0.0180777573885471,0.019797938894404,0.0214329290167843,-935.706712756806
109,0.00949860648864185,0.0240510259100191,0.00813473639456582,0.0229659250225773,0.0125592515125579,0.0203405983331236,0.0143504598316593,0.0215835339183867,-935.633288026506
110,0.0115654737083381,0.0156599962003838,0.00410948532558636,0.0199931690651092,0.012449038696567,0.0207677664791147,0.014180326971887,0.0258715167189095,-937.474580403256
111,0.0117814905124827,0.0198599170169669,0.00300612235932929,0.0199818546416738,0.0126957673141469,0.0144987705022485,0.0199123495086812,0.0166147177712301,-936.446379094481
112,0.00562988448689087,0.038777197257942,0.00840707265389415,0.0208795589044004,0.00852944159570544,0.0163029384889625,0.0146802525987402,0.0193001112376597,-938.610539329795
113,0.00284971525942872,0.0298857875779693,0.0161389926418746,0.0125149492841906,0.012054324991511,0.0143909123842883,0.0194711942988428,0.0182752488697955,-940.679111903228
114,0.00481965326174239,0.035641571062888,0.00779389198185141,0.02371771051047,0.0137616542152935,0.0144746861055502,0.0160787853398735,0.0210293792747583,-937.700489071752
115,0.00545758387367861,0.0280788526990303,0.00951613905284102,0.0257865800494278,0.0110048712641904,0.0161275875495736,0.016930290983426,0.0205622464856067,-935.739217971408
116,0.0103986706570621,0.0175722030919206,0.0107610752412699,0.0318775869989064,0.0108222894247652,0.0230346811574432,0.0167488864191092,0.0170064859544455,-937.702966734551
117,0.0118954227229125,0.0183115132007535,0.00384969673952255,0.02114776000724,0.0119536032097011,0.017876654589792,0.0215485457293598,0.0184134327486717,-936.845953049993
118,0.00983574909516826,0.0191621720161405,0.00733593074798013,0.0346729417335274,0.0106401882244995,0.0223689203985945,0.0190945342362865,0.0302614595083832,-937.04226818951
119,0.0115881409010522,0.0233478008535471,0.0090309405440023,0.0393526336606884,0.0086371372858327,0.0169716018015042,0.0166652879381104,0.0261126060886885,-937.941852959001
120,0.0120860749339811,0.0217458176175119,0.0042423669978556,0.0344017807440494,0.0116677374561313,0.0170785370591452,0.0161841209680929,0.0264502835451322,-935.626523541767
121,0.0125374985297599,0.0179843047945621,0.00237157394322411,0.0218723389548306,0.0108676689343592,0.0155909452825652,0.01470413651067,0.0272070769874022,-935.275060670692
122,0.0146888458901896,0.0203878927460321,0.00865784667183042,0.0242684927982259,0.00949968613289325,0.0150748444480019,0.0190335175737412,0.0165074916202802,-936.820372053343
123,0.00953040135684075,0.0246247840490775,0.0042360187887183,0.0218659089452038,0.0151953867489865,0.0179849421487099,0.0137837218828506,0.020560001944453,-936.00715519567
124,0.00930001399736721,0.0207303960010449,0.00829360500236384,0.0273362667020452,0.0152518217840976,0.0275006039869172,0.0169864417649588,0.0247877399943779,-939.660222064162
125,0.00607766549113138,0.0187837862631803,0.00675775973535429,0.0230311458904869,0.0084490912363181,0.0231233626881239,0.0208154329481638,0.04095365113663,-941.378176046488
126,0.0127474350027229,0.0228197952568369,0.0015685468219158,0.0301051297398371,0.0108291427614576,0.0260427507260006,0.0211369137429676,0.0329868152069461,-938.176480868451
127,0.0071991151816373,0.0252581136534177,0.00478215131199604,0.0147189574512232,0.00951129122913521,0.0177091233016202,0.0217718999753831,0.0363240530837308,-938.314897873372
128,0.00506498035768399,0.0322460848062891,0.0199348261541698,0.0280116165631386,0.011086736932461,0.0127575625890076,0.0206760781757663,0.0226616209296701,-941.632645638803
129,0.003582978328699,0.0219133424955314,0.0133705874173355,0.0185700542244953,0.0123760232673695,0.0176207391703749,0.0199998151822465,0.0320023199113149,-939.937792634653
130,0.00835672178869545,0.0183444408426537,0.013161471975359,0.0258340687827401,0.00923223951227707,0.0205283996903851,0.0152507557068809,0.016690751005236,-938.170597978502
131,0.0109433083163507,0.0228572207884731,0.00147764701046104,0.0255518478522131,0.00946386150715531,0.0181959670264858,0.0143821203900371,0.0170887178286474,-934.444332636208
132,0.00794411016311393,0.0227847261490093,0.00150680933678578,0.0200885711845781,0.0110885002004453,0.0178763595634769,0.0156673725922092,0.0258561072257428,-935.049519814252
133,0.00697464696919962,0.0250230188675236,0.00578419909105102,0.0186114831881158,0.00802117539131739,0.0203641312317786,0.0192423050124324,0.0259820734191759,-936.541980465215
134,0.0069810924693078,0.020553269800894,0.0040849436557264,0.0248177396408963,0.0134231827939753,0.0206166281422045,0.0169898304284944,0.0213591727798234,-935.839741617773
135,0.0114192805352699,0.0189528076021062,0.00537832012052971,0.0172817719623028,0.0109783002630607,0.0202751501800375,0.0153947854996908,0.0186769175842615,-935.236564291653
136,0.0149794436388362,0.0165458248724364,0.00415845409259145,0.0317496449259939,0.00897584018372763,0.0171861085732015,0.0159875515601511,0.0189792764943737,-935.7353746461
137,0.00735874074832362,0.0170730346017082,0.00482831826597292,0.0198646130848139,0.0125730849575471,0.018483033351454,0.0161531657166301,0.0203255098104857,-937.204789165181
138,0.0115401835981468,0.0286585638094496,0.00152210931070072,0.0205551442152935,0.0116402925196011,0.0156035786274387,0.0122500109629832,0.0232451451556109,-936.555576230746
139,0.0107910155094142,0.0239376394348543,0.00534584922450831,0.0139186852046804,0.0119926537353024,0.0264011470828069,0.0128474377370452,0.013220457878668,-939.157114212617
140,0.0116695910473777,0.0258118448562954,0.00236556332453559,0.0163304275985242,0.00853345772863273,0.0188099221771353,0.0195833336100917,0.015046643654456,-937.291235542131
141,0.00763916581563783,0.0235991416464423,0.0091478550832873,0.0250339110879145,0.0105243158322621,0.0172180682491551,0.0137793240528307,0.0190623124313273,-935.496033903827
142,0.00926647681826403,0.021064294703497,0.00111566185281613,0.0241687222973361,0.0114077639000447,0.0242862189134219,0.0179993903926241,0.0213720677704628,-935.804061247565
143,0.00954708374509431,0.0230777952473907,0.010972577374965,0.027791367396415,0.010810442036052,0.0136563517480004,0.0172735562432383,0.023527243413975,-935.849197304162
144,0.0105039125559793,0.0288198796875786,0.00806361728352368,0.0169596582423285,0.0117333148685991,0.0172373657391866,0.016883196781257,0.0228535370015479,-935.81694858247
145,0.0105431971476137,0.0281490122991696,0.00755854587122951,0.0255893830549398,0.0127845230121549,0.0263841357290512,0.0156187506866008,0.00992964091341803,-940.019138281743
146,0.0042364203257017,0.022972125713197,0.00222514506419228,0.029680955982807,0.0121371594569683,0.0187804693016978,0.0187406349307171,0.0100913604517386,-940.169233274257
147,0.00593904575704099,0.024502580531835,0.00880017011663285,0.0197006451969945,0.0108557432973495,0.019316354178387,0.0167839482448848,0.0182707406776883,-935.872294098605
148,0.00472049358460617,0.0256800978188075,0.0150124582338782,0.0293397902301978,0.0149305638369691,0.0106185365123096,0.0160653897617731,0.0190506413956464,-940.691116574622
149,0.00601634906018414,0.0309221915951974,0.00565911371036706,0.0205585678647536,0.0109650767694022,0.0199676060914564,0.016439447226416,0.0189586050952583,-935.368575296403
150,0.00693125655344167,0.0240390329253142,0.00847315549188934,0.0269645505128306,0.0103688664366444,0.0195234251811698,0.0135067060288814,0.0184725959419462,-936.017321642057
151,0.0163431782653732,0.0205853853877302,0.0033814618276551,0.0229865749695358,0.0119043829505417,0.0153907746855537,0.0135390318299412,0.0150149091833845,-935.802678978512
152,0.014916162540288,0.0220808880851222,0.00316361174025306,0.0256972019418018,0.0132148153611567,0.0184190559512592,0.0172401807957832,0.0272487759237227,-935.636255624795
153,0.0147396347716458,0.0191718514067116,0.00640763744737006,0.0228795763631664,0.0138242443674955,0.0142513148581794,0.0142849084152548,0.0261645292636663,-937.057534055206
154,0.0187114353606348,0.0199203851516253,0.00648256831090182,0.0189120442227693,0.00762604091999911,0.0196881694195942,0.0148958587538053,0.0131980011933035,-938.826961199453
155,0.0129232967861424,0.0208979389318424,0.00418558016914394,0.0255793256288695,0.011530186150916,0.0136383753012836,0.0144449245733159,0.0168560412185915,-934.673602553847
156,0.01285391028389,0.0207115063865885,0.00371344344513128,0.0254115016026631,0.0110235028097262,0.023693320279286,0.0163111551245567,0.025951814789284,-934.928735940195
157,0.0151384007133096,0.0245334278770711,0.00196209074513266,0.0189667557192026,0.0144403000754995,0.014239220002045,0.019606409124241,0.0330712028182516,-938.174784381156
158,0.0143343804591644,0.0173067734590815,0.00385902396520655,0.0245192880830131,0.00587915744223144,0.0262727799112633,0.0186708826998939,0.0374912071125264,-941.192176249674
159,0.0178466080622775,0.0196776515308765,0.00470404656425412,0.0261064240815189,0.0137857112230107,0.0129661507370545,0.0168397411075284,0.0215647286648985,-937.278998677872
160,0.0266863460981618,0.0177065152467861,0.00121248711524289,0.0238672619873873,0.00806021476709419,0.0193237703458738,0.0155116312931847,0.0167516147567447,-941.022033567561
161,0.026526816375832,0.0254346058848166,0.00214020471503598,0.0228167512812577,0.0104935294059716,0.0160751583075083,0.017939992555544,0.0227142127949184,-941.322303567601
162,0.0267099093398262,0.0324150365870434,0.00290149036637116,0.0221265089550097,0.00891241219435343,0.012010542912736,0.0140392875931248,0.0184934755225177,-945.717265076227
163,0.0257929545872122,0.0202721680192289,0.00330788183331001,0.0200227529978211,0.0117657870697009,0.0112155392195081,0.0178272939723579,0.0225174086051295,-940.874899674125
164,0.0126725274265752,0.0284100314432675,0.00684191938741885,0.0267263917110039,0.00984980061723075,0.0229503862486135,0.0175116280143283,0.0221513699578603,-936.845581346569
165,0.00885526390291357,0.0293019119145342,0.00587469874209843,0.0251597752120887,0.0128057767675504,0.0216226850966918,0.0178704757149388,0.0307450193268527,-937.294818611521
166,0.00593771728226213,0.0241717399110425,0.0114920290614683,0.0267119987962652,0.00962085000260952,0.0093041686905951,0.0197903749661502,0.0288946190802371,-939.350046604703
167,0.0079140194750074,0.0316641410023045,0.00425077713234939,0.0168905047601773,0.0136191527933106,0.0130998816990774,0.0143505250613769,0.013489971047891,-937.820125501003
168,0.012278384119158,0.0163699949267155,0.00219891590506284,0.0180039865564125,0.010100043346412,0.0242742958767087,0.0167474603144446,0.0323736449271067,-938.178454680663
169,0.0181368073803959,0.0266636976581544,0.00428813499658183,0.0155838577228817,0.0129499220648667,0.0138849247742189,0.0191694786523703,0.0288532095314429,-938.885341930021
170,0.0187525005454065,0.0270101827767519,0.00573816011726395,0.0252877608216026,0.0127143673335763,0.0148463915666549,0.0157955633975948,0.0275899648781401,-938.981747921996
171,0.00622480368376387,0.0306677329279713,0.00227610596630607,0.0155179230784277,0.0107921903492852,0.0144961673620912,0.0161560639083986,0.0160455263392745,-936.289467879635
172,0.0106633765520323,0.0197785501888156,0.00490702970883487,0.0273379113146471,0.0140036573280594,0.0217808541910362,0.0152403318125607,0.028754516994943,-936.997684860473
173,0.0131800868793981,0.0261121123665897,0.00370270578548827,0.02096864792705,0.0074353292214394,0.026384806478204,0.0140312440734947,0.0243374659387142,-937.947100776955
174,0.00705881133339867,0.0326786937099951,0.0036032810939806,0.0212097900960844,0.0118340872436688,0.0281372634365424,0.0116536901192929,0.0144792735598476,-940.801428496977
175,0.0114965674479434,0.0279340090826751,0.00709514701768415,0.0215611279037758,0.0129034406546892,0.0199305713501617,0.0164532749376869,0.0328076280575036,-937.911953986048
176,0.0123471879291875,0.0215673899578847,0.00670593580896531,0.0269398221007664,0.012198054471235,0.0185231233175539,0.0178350380982315,0.0319138115971445,-935.958310853647
177,0.0121467457771113,0.0218878395144626,0.00207725049531644,0.0276517092845081,0.00784434227466267,0.0286766160673223,0.0150636923454376,0.0211921389476821,-936.944308180461
178,0.0130270763058046,0.0239224300180009,0.00230995107016476,0.0257739175846468,0.00884083959681254,0.0238331355068619,0.0162203337750612,0.0270219364412991,-935.57806684934
179,0.0118412851037918,0.026196751017905,0.00483081322614263,0.0318450060380849,0.0106505907833672,0.0117664345689718,0.0154531985708344,0.020699670191556,-936.452766846739
180,0.00889035572948036,0.0229153684699694,0.00576712817302458,0.0263994331520059,0.0116447420268136,0.0234052572284702,0.0185539344534197,0.0190063655280913,-935.673204631351
181,0.0108881874831993,0.0235636162027512,0.00660159012112165,0.0194904307549713,0.00764391262399773,0.0189169232951632,0.0163594097026703,0.0190346389941787,-935.512069177623
182,0.015607083189062,0.0175255536238376,0.00512238987557326,0.0265170101814275,0.01134105638542,0.0117531398818922,0.0152524249929641,0.0278022299234206,-937.090291854833
183,0.00909726754115863,0.0241430470112155,0.00581679386560351,0.0221143086914409,0.0124497599232149,0.0190474542307264,0.0177876405026061,0.0253886888028455,-934.663604348696
184,0.0102002098406122,0.0261484131503682,0.00529623710946745,0.0127917624650468,0.0124885033476415,0.0165055899874142,0.0155586966099722,0.00992512382107407,-938.4985495384
185,0.00603549161079534,0.0329601443778115,0.00554134746740401,0.00647327192940999,0.00916417859602023,0.0194048111427852,0.015618321928017,0.0134660611614977,-941.023894629424
186,0.00712056930705765,0.0318214856928862,0.00615785543983614,0.0333831603705156,0.00895751401688386,0.0174123205333691,0.0184535527294974,0.0359961283408764,-939.668384013409
187,0.00105622303891723,0.0361263328500345,0.00733469249774566,0.0168883190862634,0.0120842609820133,0.0338520297356451,0.0188910660367057,0.0140445281101812,-946.200162159203
188,0.007806107404313,0.0375459629858766,0.0131341066802381,0.0110370473351062,0.0076263361246324,0.0188274751818263,0.0119444389522358,0.0262649317374716,-943.651186636152
189,0.00150958791569805,0.0375474377161913,0.00548436431355731,0.0142379418234031,0.00925583749094273,0.0116050360257496,0.0134779497099295,0.0262551482698911,-940.902169686901
190,0.00853205526652272,0.0323646123583325,0.00664244762976973,0.0163962569360468,0.0118530449515862,0.0218052426782907,0.0155049000485107,0.0211432697260378,-937.080878312723
191,0.00451816717786789,0.0248007804175852,0.0144312702414116,0.0329443310887132,0.0105678659522766,0.0181130596514311,0.0176556485527026,0.0314781698657414,-938.717696271006
192,0.00387833414854865,0.0316427047396339,0.00426469293756819,0.0314900814388643,0.0088783517412644,0.0183041277689337,0.0193805276831182,0.0302063429195329,-938.617404070189
193,0.00423618603748875,0.0274862723657373,0.00474540808870983,0.0283168965972544,0.00954360152562696,0.0170338950403408,0.016933725631433,0.025055932764433,-936.156358199602
194,0.00578626633568261,0.0292204483726653,0.00229309606306894,0.0314829680633019,0.0130929988221832,0.0138523811777746,0.0197298849769432,0.0370826808125184,-939.334248716941
195,0.00749037339060248,0.0177619414359448,0.00568774539947087,0.0362481562451052,0.0135780664947011,0.0278799731746867,0.0202640632718868,0.0187097974074244,-941.400516027775
196,0.0118149715942665,0.0235936432479829,0.00181357084865926,0.0167104909503903,0.00932515268404351,0.0190346089936871,0.0166023557718234,0.023498459854852,-934.65239203929
197,0.0122043438239332,0.0257943033513836,0.0050701432254503,0.0272747132190487,0.00980558245287535,0.0151956821504533,0.0189168440626848,0.0206728620151419,-935.188153887609
198,0.0083755801865686,0.0247781279272568,0.00727316799276701,0.0212937753338853,0.0128761015949345,0.0175358629455675,0.0189319633031952,0.0200561876286139,-935.566808580488
199,0.00989840673246301,0.0231236775689154,0.00619622594034138,0.0284756953587496,0.00962618255627907,0.0167608119109884,0.0183277163785291,0.0198509439028286,-934.726499785425
200,0.00748436695625704,0.0233830192523463,0.00201169402990374,0.0292402535263475,0.0106583432114763,0.0183238620450588,0.0182831243279038,0.023842855579011,-935.120216291627
201,0.0114155284640878,0.0224742431996041,0.00109329526526193,0.030394351163174,0.0105836060444146,0.0164934581533921,0.0186107376490229,0.0197855710005099,-935.33422650336
202,0.00828482966532098,0.0275383165156662,0.00664103519657301,0.0143891335194397,0.013469083565998,0.0130754647266703,0.0162752835608877,0.0198725617018374,-936.663544170045
203,0.0143452081764909,0.0180990679761835,0.00638834759126679,0.020995887966027,0.00846861913139838,0.019114732619068,0.0180699919882781,0.0234275771642268,-935.590013982034
204,0.0154526989601337,0.0203879878584054,0.00510331667261292,0.0199911595215143,0.00956270588355025,0.0233511823841267,0.0185542297356106,0.0305590847311648,-936.459021994198
205,0.0126362805817981,0.0198293712380419,0.00623081506463643,0.028673823028917,0.0105245962677215,0.0196273547160436,0.0245281198737973,0.0349807392322356,-937.996855315434
206,0.0090086701791863,0.0183473527484945,0.00237853703262941,0.029284617612528,0.00955761875856184,0.0131775246480122,0.0148145429903002,0.0244413225824468,-936.354463338529
207,0.00988141432974027,0.0227028816450514,0.0166867377834773,0.0226364793926691,0.0110036774735251,0.0145875994251386,0.0133136109956341,0.0242367887078465,-938.237230802668
208,0.00835524497289751,0.0253926350756812,0.0158489203722188,0.0160495015378689,0.0110263852260884,0.0147082005306147,0.0200644365954367,0.027140989888638,-938.299135541181
209,0.00716974129899952,0.0300660375138908,0.00899224386765757,0.0212944339812625,0.0107698510343435,0.0209308919931431,0.0204683735328605,0.025071082449948,-937.168729860631
210,0.00364036846910944,0.0245235595603857,0.00270006636451739,0.0221309202168321,0.0101686942733913,0.0226042984415159,0.0202863977406041,0.0242190168759686,-938.307306070406
211,0.0177572849753464,0.0174772679985038,0.00329362308465552,0.0292311531377574,0.00861580575938635,0.0239176344830185,0.0224718347049503,0.0262539491927987,-938.573610668593
212,0.0170385777590746,0.020103419936529,0.00387759060093423,0.0281331155520709,0.0108825393198008,0.0208382914380731,0.0167490130523942,0.0278062220881819,-935.991929729483
213,0.00908297175766573,0.0235314944922218,0.000216056037934906,0.0181286968963529,0.00954830098574414,0.0183827577598116,0.0174292979038049,0.0285792688565157,-937.723308057141
214,0.0127590586239966,0.0145983453286448,0.00143348467410974,0.0320424526777913,0.0111764480715651,0.018808768362049,0.018124710720468,0.0185199152111289,-937.273617130792
215,0.00853731247633636,0.0270388885358616,0.00256366801263216,0.0164376369827681,0.00907041073273276,0.023489068044019,0.0175857728385835,0.0140553242715584,-937.076662016311
216,0.0090776201412117,0.0249148680317237,0.0108180366729688,0.0355976515633153,0.0130555458918936,0.023557206505982,0.0141953699323081,0.0115106894031318,-940.45319987561
217,0.00782171529825498,0.0213625688058372,0.00288257198523372,0.0172291928817599,0.0108823636100606,0.012854596307841,0.015633625567033,0.0288095833612021,-936.768777330791
218,0.0121578956670748,0.0257974598611885,0.00654918554434904,0.0317913616099441,0.0116162293830127,0.0187583927924033,0.0147514382449674,0.0176487886591994,-936.226069590521
219,0.00952822702497364,0.0177421595102328,0.00507125016022653,0.0180884047550397,0.00750217044046197,0.0255264535117717,0.0146539653011876,0.0248013301520423,-938.779640279014
220,0.00965749102348406,0.01732633326098,0.00391001254904213,0.0339590780992268,0.00770448797050941,0.0279978326669868,0.0190029010533243,0.016457575690349,-939.223614236872
221,0.0109049827015964,0.0175446218635268,0.00589646403059012,0.0168237619683066,0.00915256223933376,0.0273211602626684,0.0147977927326292,0.019482368701996,-938.094861038048
222,0.0142430863232527,0.0256062552925153,0.00730227894538667,0.0272536192976005,0.00958340307484072,0.0196889062296939,0.0171634380639376,0.0258784488828885,-936.017051015946
223,0.00549211618053681,0.028437869550915,0.00320772553238234,0.0181860007390153,0.0128428309858847,0.0138336125480969,0.0163245773430666,0.022741884965582,-935.416509307768
224,0.00491648126676764,0.0266133973649902,0.00754886070091863,0.0387649986484145,0.0117733167750188,0.0149334509171959,0.0173461854858659,0.0202558036277468,-938.443217174111
225,0.0148055036281236,0.0186823181154949,0.00131802245444595,0.0184478638954249,0.00936701270902589,0.013484981444624,0.0140546073901546,0.0191768911129903,-936.049210578481
226,0.0119316773207916,0.0196274676873056,0.00657722842712421,0.016410567718052,0.0084956320349706,0.0212970970257669,0.018781060400135,0.0238828127991416,-936.528867804269
227,0.0130890689621616,0.0201945911291081,0.00982331237959625,0.0278376964033844,0.0112049417952148,0.0113261113173031,0.0163712207808228,0.0225985116187629,-936.709791189362
228,0.0109941327031693,0.0232284729421044,0.00933005744266872,0.0181627928767484,0.0114128858523233,0.0160691913846714,0.0182280308751928,0.0314233547593155,-936.370402931977
229,0.00967575773426665,0.0201096805241458,0.00283890825935267,0.0343057083458118,0.00951241066788591,0.0188874556913141,0.0171829648885319,0.0259628615153136,-935.357236578735
230,0.0099637039523899,0.0242238418506927,0.00605530956931701,0.0341291908323475,0.0102115636033022,0.0248234748419149,0.0169394684138966,0.0230779340508792,-936.634998936305
231,0.012798461987717,0.0225419529682614,0.00322230570193916,0.0328891755193234,0.00835106299068315,0.0170708247464681,0.0170097308384844,0.0216623291796718,-935.242363565382
232,0.00773819301765992,0.0223933986536072,0.00541759185115074,0.036814627946152,0.0123128115842478,0.0197949162006603,0.0169792916570001,0.00490038219068339,-940.410562237555
233,0.0142612729435516,0.024353281580252,0.0122952679261299,0.0190730766157674,0.00937131218296568,0.0198075324358566,0.0140199397940404,0.0235650659101517,-937.954958872052
234,0.0052320197984131,0.0261735419039542,0.00236625496286055,0.0199317950148423,0.0114264747481176,0.0176386677709714,0.0167894304000333,0.0234581470298342,-935.144365854935
235,0.00723044751483498,0.0231153031140943,0.00795688751199099,0.024897440154361,0.00859991630802851,0.0242436950498608,0.0146108945945639,0.0163204120940388,-936.957220625001
236,0.00747423814203765,0.0205866956376036,0.00958761630566069,0.0297593508975821,0.0172404700700542,0.0112514619215833,0.0169536117697543,0.0235984944895204,-940.596581972247
237,0.0140779769964648,0.0194723885378325,0.00368516939277949,0.0211385645227658,0.0127254002196603,0.0153241350435336,0.0171770535813474,0.0237609403325353,-934.726451300357
238,0.0112205700796124,0.0157394224573396,0.00184505716741451,0.0237060321472952,0.0102878468026417,0.016682918528931,0.0196789282089732,0.0265361027862455,-936.118087067343
239,0.0103676599975474,0.0204441898382206,0.0037801083948839,0.0290527794251996,0.0096091583079639,0.0289517522977161,0.0208755567636175,0.022231439105272,-937.677188531995
240,0.013552668004477,0.0181641448634078,0.00494142745008016,0.0252292113303214,0.00691554819355665,0.0229235163355391,0.0201421529111647,0.0332396884540934,-938.041042061898
241,0.0118899444932531,0.0253059295941628,0.00642430831942779,0.0260170894452106,0.00866427759432429,0.0201805229282202,0.0183334687289378,0.0196323501826272,-935.482897181297
242,0.0129199764018379,0.0229337289430673,0.00248754569419071,0.0244683715512817,0.0112196120495076,0.0225418196345323,0.0194620992302281,0.0297761486063894,-935.545285786189
243,0.01197021814995,0.0212186905830794,0.00704142959515167,0.0260980468138116,0.00904393601426211,0.0111245851248759,0.0165459123616735,0.0158854369145173,-936.684494038583
244,0.014433845301034,0.0202860629420429,0.000570546628268127,0.0252437232759849,0.00952973768402429,0.027247216839033,0.0181518099596917,0.0295295611342309,-937.7196505604
245,0.0158025957631364,0.0164330858512048,0.00666659546113231,0.0269547333086889,0.0104121945656745,0.012813876076725,0.01605755303767,0.0211868846769221,-936.436168053839
246,0.0101939372345941,0.0164253106790427,0.00648342804387181,0.0239003950372985,0.0100532740889741,0.0224857744571516,0.019310318725492,0.025832554294244,-936.591229336014
247,0.0115504964463318,0.0211227840531474,0.00354139036108027,0.0225495118672916,0.010885112230161,0.0130957850082866,0.01878528106963,0.0204698169583198,-934.544890346863
248,0.0111014830192024,0.0279473212908918,0.00565588218418682,0.0158124904399915,0.00895193707219185,0.0159352586047369,0.0193062128704715,0.0325233218729305,-936.87815760907
249,0.0118396346486974,0.0223749718077922,0.00365055527141355,0.0234408573635317,0.0104727051472705,0.0184612204723703,0.0194439654664655,0.0248855373553145,-934.029023762594
250,0.0109429240629895,0.0249026708933821,0.000266271255189224,0.0280170344980794,0.00788520928031096,0.0190300567661763,0.0192264378328654,0.0303354428644848,-938.312227021253
251,0.0190431234453092,0.0140169469092102,0.00695335936401386,0.0267398123911231,0.012446963032624,0.0174487374000923,0.0200391831386152,0.0226936087496734,-939.098086527697
252,0.0153756694348048,0.0200103367075968,0.00667444516250962,0.0275513427888776,0.009689846564518,0.0172924463475255,0.0143707577209142,0.0229230566811471,-935.396772679166
253,0.0096802518837717,0.0232551534246472,0.00217595222326849,0.0192803532873368,0.0124792323942307,0.0149373737211756,0.0115420844496947,0.0177316580109425,-936.053987101569
254,0.0102192224345473,0.0241077523490247,0.00696528586666166,0.0204729600031934,0.00867245784111886,0.0172560322479475,0.0162776677918914,0.0230353767549283,-934.611121302513
255,0.0160040504523213,0.0184791896497226,0.00324694211551857,0.024988227850173,0.0118227012712774,0.016009442479147,0.0210006609551709,0.0188571379470223,-936.824702894139
256,0.013179241428833,0.0214020425758463,0.00306801037536798,0.0233298630895851,0.0101574732568967,0.0157484231448209,0.014138410809333,0.0167272576243896,-934.065120931741
257,0.0126406185534416,0.0196783499469168,0.00357372201428526,0.0237642549114952,0.00931535380302622,0.019862289602411,0.0173409859352552,0.0284286810100635,-934.409836850726
258,0.0114023118374714,0.0197101613699899,0.00467651515706387,0.0240011749949669,0.0119062956771018,0.015226394324807,0.017708622733971,0.024577299294911,-934.20965974948
259,0.0137589677146499,0.031240992571459,0.00629824827148599,0.0236032123131881,0.00980546035694974,0.0157368743177088,0.017344021115738,0.0146633331785163,-938.173108687527
260,0.00787129059929513,0.0260446989089887,0.0052299085569142,0.0147632662528832,0.0114733565066737,0.0258246104812867,0.0145356708678863,0.0245950333379148,-937.774407558574
261,0.0120695716819625,0.0286249681105908,0.00362223212233885,0.0197430014157556,0.0100215886726243,0.00957056499266739,0.016597235549502,0.0215298084531876,-936.947563783774
262,0.00997965442641432,0.0262476048403763,0.0121759843078613,0.0186885329426026,0.00936900931185649,0.0286129729883323,0.0187269424737583,0.0263108918421018,-939.832659112994
263,0.00512296873513607,0.0258431852262808,0.00876333994469362,0.0277820585281198,0.0115579580285995,0.0201761278542699,0.0179064027895578,0.0252111530055829,-936.459027769641
264,0.00722481261676025,0.0250617131949837,0.00313077934764529,0.0263618226872527,0.0104209430245701,0.0151935609722716,0.0171921872492484,0.0185109749178729,-934.645261616469
265,0.0125047073415204,0.0212535218937907,0.00458945401004508,0.0265693498994834,0.0110773723167092,0.0178519451996316,0.0166515065310318,0.0160622326065674,-934.313258359844
266,0.0138845625105518,0.024103010990157,0.00385681708993881,0.0269307404171791,0.00960828748157574,0.0148207537441323,0.0163964523732928,0.026712414409854,-934.891220000147
267,0.015898086895683,0.025415036755528,0.00484562004881416,0.0181940303986352,0.0081338350658444,0.0157738651835335,0.0152774039984307,0.0176766937353817,-936.253443921978
268,0.0231456653190299,0.0224898002890493,0.00607803458880569,0.0362914374036728,0.0140983595921436,0.0162488421597066,0.0162217201864876,0.0235274080650301,-943.232576509438
269,0.0140142487315802,0.0198574850609185,0.00237313129138019,0.0177222434525187,0.00986573839604538,0.0207201675797144,0.0176803920339356,0.0248727738100869,-934.858682545739
270,0.0133854518920367,0.0199074616535466,0.00344491949307253,0.0398270112909381,0.00853688708770807,0.0181584380918261,0.0185287464344352,0.0202916293755669,-937.040845922489
271,0.00950086295534542,0.0192821488237089,0.00519780404220663,0.0379215775312139,0.0127473400424456,0.0175736763053353,0.0166026676863416,0.0199750051514604,-936.833219656661
272,0.0130740510080476,0.0191534619802685,0.00247434764981692,0.0242022633416037,0.0134425575408506,0.0246115396372516,0.0139687848644095,0.0174200765755683,-936.757953040753
273,0.0104404671945224,0.0235449428588976,0.0072867087851371,0.024057781644956,0.012536244609447,0.0219988846755374,0.0168575999329185,0.0168733791866013,-935.742052056909
274,0.00846099879215607,0.0184146804165432,0.0046346917405681,0.0328439437533597,0.00866985278770267,0.0208696898246788,0.0142365954256452,0.0230260308247873,-936.730334525063
275,0.0101834935736847,0.0213990174901072,0.00398578424353971,0.0149174986365436,0.0114104383557825,0.0126627346363771,0.0138080698684821,0.0305631200756147,-938.174436884847
276,0.012243821577295,0.0210630484572171,0.00894889272333073,0.0151216161124584,0.0125394809569619,0.0143885700246148,0.0141365761498015,0.0143242750642522,-937.709939399658
277,0.0125680089763684,0.0332550732376712,0.0020687439488097,0.017661560572007,0.00817562257412872,0.0244108579594204,0.0160583131064764,0.0212894182571236,-938.829347346115
278,0.00770507764976272,0.0348666472021878,0.0067315217341189,0.0154644556877706,0.0108748541836498,0.0240432358069024,0.013680860607648,0.0143045467741269,-939.454004054285
279,0.00341786214454621,0.0276848694016744,0.00535771178185413,0.0168030010131983,0.0124889302178389,0.0238029388632918,0.0124662816688982,0.0167170742864469,-939.220337844059
280,0.0132742471285989,0.0222852165690077,0.0017461129970858,0.031046118734247,0.0119315562478273,0.0180335138152692,0.0149239354974984,0.0188894370607707,-935.274398049517
281,0.0126167103569969,0.024103093215614,0.00270271532411083,0.0323194926641945,0.00901257880294008,0.0180805825525688,0.0163463039080733,0.0254004523409416,-935.359658474555
282,0.00638497584320462,0.0258323760797527,0.00216770952266452,0.0247815327680717,0.0142386187164596,0.0186731433456295,0.0134255818331788,0.0188791640619902,-936.384902295884
283,0.0101115527297821,0.0260964651559932,0.00146094758915564,0.021347629252964,0.0104374241880831,0.0189274834104485,0.0190596804471779,0.0237055120340494,-934.8172834973
284,0.00761933468991612,0.0240695335869762,0.00576926318697895,0.0169502590395797,0.0122492266159941,0.023232206626117,0.0122496022778981,0.0228177655399805,-937.927751196808
285,0.0150207215095119,0.0225501062313257,0.00445542966905029,0.0184156819994925,0.0108467131576704,0.012523329957922,0.0150634729995731,0.0221045211334148,-935.236401446918
286,0.0108706517208262,0.0296587869632199,0.00532154289156184,0.0232090191969979,0.0104584515942731,0.0233577213662818,0.0187449528186105,0.0192140703560158,-936.85814354864
287,0.0120069708457045,0.0243982293406108,0.00489428764333283,0.0218539557609912,0.0100181466331161,0.0221114155763404,0.016207589361108,0.0224341864552162,-934.386107113235
288,0.0107948573958409,0.0234987627642815,0.00163417829328541,0.0189056639001202,0.0105489010692374,0.0217105372038371,0.0184953478631644,0.0173155856270784,-935.396087113054
289,0.012280804150348,0.0225786121948768,0.00574581974561595,0.0176217460700997,0.0111828173358825,0.0181244413270208,0.0177435999861258,0.0132768834598546,-936.121901605662
290,0.0105783917204481,0.0239462394776708,0.0016663614455638,0.0309318341857148,0.00995503022104182,0.0210385132757617,0.0163200816408739,0.0178708644304252,-935.152071808915
291,0.0108400342003934,0.0205041846323067,0.00301691326855996,0.0294591931678976,0.0113346150420116,0.0171225704970041,0.0142099813947406,0.0181429594497424,-934.478333195423
292,0.0119009083564194,0.0264893752567248,0.00768751888247614,0.0200166888571677,0.011967233802519,0.0183464573629262,0.0149202367064286,0.0195695167589117,-935.422313552445
293,0.00806458686744804,0.0257677033990263,0.00205555234714065,0.0236215917294306,0.00928347356934993,0.0145726812193331,0.0139330372316131,0.0164996758749812,-935.21568873954
294,0.0142306797311524,0.0224658679636037,0.00523148804311312,0.0176011226461313,0.0120161396160373,0.0217183856189669,0.0148017131727742,0.0249374302789989,-936.110847510224
295,0.0109698449466597,0.0198671297241273,0.00727115511853943,0.0190231073168017,0.0131105169231565,0.0165462874252394,0.0129488145268623,0.0307652878230452,-938.567349716047
296,0.0122519825106907,0.0246076766068329,0.00718696499319666,0.0182062020180717,0.0120599840869313,0.0163280264630821,0.0166451777956011,0.0227564831535151,-934.987253396602
297,0.0111650246810775,0.0288255549108768,0.00918541207832537,0.0251782912996651,0.00958360010736281,0.0167150358719782,0.0164038447575842,0.0244518350929074,-936.172740196234
298,0.0108305674286356,0.0195840706838842,0.00308523382707879,0.0183842062447864,0.0108195951498937,0.018064477408747,0.0201158988748574,0.0205579077666921,-935.375267310962
299,0.0210222550411294,0.0228519708613833,0.00387092902825868,0.019568015368343,0.011459884248759,0.0148153689326633,0.0210027649079,0.0223887035178768,-938.724149476361
300,0.0164680053861577,0.0188679278549496,0.00344437056403772,0.0313589236751074,0.00928660935915537,0.0124270317623837,0.0166121849076492,0.0286958302120742,-937.196290016784
301,0.0118669086220873,0.0208376395953741,0.000735906719063984,0.0160621421693309,0.00925896116930585,0.0170450467577961,0.0143665830492894,0.0310732847196457,-938.229980735748
302,0.0116726151935051,0.0192716492684472,0.00829639048956843,0.025132815325169,0.00733889933346668,0.0249359121316545,0.0173833019762836,0.0307371986290881,-938.149328556398
303,0.0117506650929672,0.0262376172032775,0.0042277400560605,0.0229648224758679,0.00715527193318386,0.0163877122040611,0.0187299620537929,0.017041565114016,-936.974415389597
304,0.00942383707537068,0.0215429192661699,0.00313421686234494,0.019571332780348,0.0151586334266504,0.0159660005513632,0.0167097187097429,0.0163528676851403,-936.326110253559
305,0.0086205982793089,0.0243686629276262,0.00317661782202558,0.0233232028343291,0.00971986014449375,0.0173893273736147,0.0182739432411316,0.0181764479462261,-934.437955082498
306,0.0121546727852447,0.0227384134337108,0.00483343242057873,0.0264669470117423,0.0104204172463367,0.0180076200039618,0.0174096973576241,0.0246873754996817,-933.910775465476
307,0.00866751592826676,0.028497081414966,0.00329486154797519,0.0269126513689841,0.00902112821876893,0.0113538618599008,0.0195757303626193,0.0236819485538358,-936.98297639436
308,0.00943312122318198,0.0298340227592983,0.00337929655658139,0.0168890035676885,0.0121001839965149,0.0113219819805805,0.0164992360226877,0.0264524420089029,-936.306854016022
309,0.0111731890357402,0.0184668157252296,0.00607182311660665,0.0175311589199655,0.00837491331527775,0.0156958172962011,0.0174139988578848,0.0228387172890948,-936.11362782425
310,0.0167208116176025,0.0258360900093278,0.00553483213191982,0.0168792220802782,0.00927455399775027,0.017804606354157,0.0158557361166877,0.0251624491258228,-936.483534458618
311,0.0163850829302977,0.0162399628324967,0.00428076379354702,0.0211434464435652,0.0102361310833603,0.0178093873782067,0.0132147435255438,0.0277685340707659,-937.32904255168
312,0.0115228964591167,0.0264483997429298,0.00523449144224517,0.0170407855393675,0.0130114283718045,0.0170770667820003,0.0171016520588599,0.027659946126661,-935.78129997212
313,0.0136029183807068,0.0220323363444244,0.00503262966545754,0.0271416483270419,0.0122261707165842,0.0151061499481807,0.0161242768753036,0.0237930745222291,-934.69500645354
314,0.00932647719973935,0.0273647080613624,0.00315166713006449,0.0198309723908556,0.0109822745978665,0.01776331948205,0.0135188354030435,0.0213492271181607,-934.543886475771
315,0.00803611809918487,0.0238752736677755,0.00418064206665791,0.0229638451968496,0.00970519182423497,0.0136292170466947,0.0168388164780749,0.0197289163571253,-934.479891440203
316,0.0104548769941812,0.018665457454559,0.00413784419284809,0.0242469430050991,0.00896866225378453,0.0156658705139182,0.0116776893295682,0.0248427741592441,-937.18106184505
317,0.0173599934403985,0.0198153178551367,0.00188238816496983,0.0145333307717089,0.0115079575641095,0.0171251755819953,0.0122319164090894,0.0282500556341572,-939.534758045718
318,0.0172422787241321,0.0197200595774569,0.002127056858526,0.0204528426939686,0.00933337060500341,0.0169579082857457,0.012389127878363,0.0190542840132453,-936.015747384682
319,0.019340825022257,0.0194938676171362,0.00293054923992696,0.0188725722717668,0.0110668639582276,0.0176189360081531,0.0112333518459412,0.0192487717154794,-937.803642273064
320,0.0121239603349327,0.0203605351467191,0.00391159026849343,0.0312335399872063,0.0113235919189999,0.0165566326065725,0.0218810871462944,0.0379958096846061,-937.267884310038
321,0.0103076188306446,0.0305211892057384,0.000525781416919145,0.0358877416587414,0.0120407424168168,0.0123950901167297,0.0189223823535007,0.0183618988081191,-941.082957737564
322,0.00709180634968719,0.0171954186854167,0.0108140324076041,0.0310571708164195,0.0113424159658222,0.015507399815811,0.0179101891923087,0.0247029484144167,-938.145568663541
323,0.00826690796321845,0.0242875806926855,0.008544353963666,0.028963590078258,0.00866940719517148,0.015675230292616,0.0168600335334504,0.0235638027962774,-935.774978595542
324,0.0128305431283833,0.0237732759187862,0.0050811131423478,0.0292985097746894,0.00836390111299094,0.0186268816135852,0.0164016743748759,0.0117533054967646,-936.748638996891
325,0.0146920290755907,0.0232694683247955,0.00910036695815621,0.0351860604753771,0.0103340494429764,0.018530765481513,0.0145029823371501,0.0165867878955497,-937.565603720177
326,0.00878759541923217,0.0234837204939807,0.00643476638778026,0.0294222814063887,0.0104662569436171,0.0220796955104182,0.0172734631782067,0.0253948391221404,-935.36057299741
327,0.00901245245586364,0.0268572184059192,0.00906719678710217,0.0324016974422479,0.0134276894147441,0.0105632454658931,0.0189807762950133,0.0160573756900246,-939.944902028359
328,0.00551850129670458,0.0290787980415412,0.0110634468691269,0.014726562772664,0.0158431133681983,0.0134770822668685,0.0194962564470683,0.0294038702497075,-940.163650217362
329,0.00114689398603826,0.0311881413176936,0.0136681513571489,0.024396124346262,0.00702829410606444,0.0139508527646738,0.0195494904266839,0.0275694457845535,-942.406292755508
330,0.00399154875033755,0.0267425964684711,0.0188108634705551,0.0198246299540119,0.00941164292037546,0.012229399413796,0.0187261325060655,0.0247447364816864,-939.349357287099
331,0.00787967280981394,0.0219005822087864,0.0170800031175276,0.0268088707950782,0.0103538773694031,0.0194853915589449,0.0202782526127941,0.0244690503353192,-938.790150135569
332,0.00774133012427764,0.0246361977107375,0.00130660460471845,0.0343405633431234,0.00993375817502151,0.0138365201527703,0.0233546025511751,0.023800759471578,-939.594294245218
333,0.00886867408446068,0.0246070255089023,0.00615825071796278,0.0327046007218006,0.0107585416177215,0.0156973827386023,0.0159518610381804,0.0100150452302108,-937.584200944907
334,0.00920455500068277,0.0175831638917902,0.00103679139034909,0.0338699702160275,0.0109217377015302,0.0146930676699628,0.0155821139328909,0.0308932881398139,-938.395407837257
335,0.0114869623364883,0.0197952057187511,0.0073255979240206,0.0300523515547117,0.0116068399493182,0.0152992411798862,0.0159784204981322,0.0342288712596332,-937.242583937592
336,0.020271074906504,0.0157724724559877,0.0100076852725501,0.0188732419825024,0.01550277514496,0.0126140630361274,0.0156082816622127,0.0269067534988452,-942.880697252226
337,0.020057543629894,0.0189835311861054,0.00128286220471101,0.0185140231953442,0.0167752143698464,0.0197165628836229,0.0136094799113621,0.0261175276478943,-942.295854096707
338,0.0177124421734735,0.0193128726507105,0.00045548306118014,0.0260621085415514,0.00513964835333022,0.0199451455497611,0.0128079327507453,0.0278139922500923,-943.8488426787
339,0.0185546029163685,0.0234976089454647,0.00422798572983711,0.0131570963056458,0.0193662361132256,0.0136820126207931,0.0161472924788428,0.0213350491020136,-944.438497901881
340,0.0157806792412923,0.0213206905816135,0.00608001158128847,0.0242933224652542,0.0178782316766312,0.0141142572889767,0.0172856980367922,0.0231983970242244,-939.985190177857
341,0.00940402912634425,0.0197504818151984,0.00921768961767176,0.0248999405440533,0.01149934197738,0.01620307681664,0.0157445644474086,0.0194459052411612,-935.34575656231
342,0.00915622825704696,0.0270451636639611,0.00276191702107687,0.0231292047964928,0.00895666756616869,0.0116869719540121,0.0144045160337286,0.0265617472268111,-936.418350084448
343,0.0131311639560937,0.0228178559741118,0.00520674842877238,0.0228637449175923,0.0116982350219927,0.0130386986645968,0.020418218316634,0.0228791277170535,-935.569050638295
344,0.0083638407391214,0.0296019094211812,0.00695300088235836,0.028930031325466,0.0103092898396362,0.0132286632680737,0.0150277036148222,0.0166291751366287,-936.467918182917
345,0.0106435532409404,0.0195518559993207,0.00620539876005548,0.0204197790787272,0.0102297777605729,0.0243966735769844,0.0148604661934309,0.0204296687149858,-935.596789686109
346,0.00750001944850572,0.0197595545014858,0.00596212528955285,0.0169256488735669,0.00985014323574764,0.0150750213042639,0.0179774631661431,0.0336269054366865,-938.098203562809
347,0.00808701229462625,0.0295225872831278,0.0178575932362496,0.0133645949767821,0.00861392420002534,0.0120430292691129,0.0189578479780794,0.0230403693770645,-940.451534681944
348,0.0077348172100601,0.03515013984707,0.0122254117226362,0.00870254510801849,0.0110379014433961,0.0112167998531932,0.016618615041848,0.0223440822127633,-940.437968706549
349,0.0025757540406777,0.0299063721655714,0.0106258083805247,0.0182962986658671,0.00991667301019605,0.0210184935193111,0.0153796732399468,0.0262354764287329,-938.218291958865
350,0.00475409206375156,0.0249340191985064,0.00943669401399061,0.017423810092156,0.0112987732645443,0.0130267699945329,0.0179081457835604,0.0216866814749947,-937.00957256579
351,0.0130907190933899,0.0215071080258336,0.0051256308748708,0.0210708791028968,0.00755872423764806,0.0250653421581475,0.0189846452170561,0.0256438221235827,-936.624349096768
352,0.0108068772288196,0.0194498159370344,0.00163560620598177,0.0297784432269403,0.0109985060096728,0.0115330546775346,0.0194076040941119,0.0238965591162081,-936.442292599152
353,0.00820171555441405,0.0223204792408451,0.00804173043340867,0.0317201454278125,0.010125513781511,0.0289238828956317,0.0174247720264984,0.0268883266689742,-938.385842499428
354,0.009937404346748,0.0238709558884482,0.0116322748905122,0.0375625874861615,0.0116501059790277,0.0115645214089682,0.0156424806091055,0.0197442844984107,-938.854298414671
355,0.00999287494830674,0.0256829818824611,0.00552691232758596,0.0387927310076941,0.0108277365039619,0.0229276037953492,0.0162563564920125,0.0319315452348661,-939.27016152864
356,0.0100051799212574,0.0214618694067568,0.00293684537470175,0.0248632749409535,0.00458311593491481,0.0177408470514188,0.0184857309169916,0.0300278828378689,-941.993728924592
357,0.0149454239114485,0.0291232220640926,0.00322050511836782,0.0147831498368647,0.00780070931742012,0.0229333988340197,0.0188817462216917,0.0289576336396162,-938.868532501721
358,0.00922706970140813,0.0261899370195211,0.00327010506131081,0.0133385958268607,0.0069147205928862,0.0225837644625069,0.0172742895096235,0.0288612591129704,-938.854016425703
359,0.0151942177850114,0.0261602279956535,0.00364641206557205,0.0149296852177721,0.00757292479141537,0.0178879049970649,0.0164765830066025,0.0202313412320412,-936.8861375421
360,0.0176763083723802,0.0148169673695267,0.00185588549475466,0.030124264434537,0.0114535466908876,0.0163536037068171,0.0173000506141702,0.0204689498431609,-936.906838877064
361,0.0100514494277192,0.0267995554921792,0.00920531216393781,0.0200140687494101,0.0104090472095481,0.0171563907755363,0.0169437335248286,0.0218284820500429,-935.09305091312
362,0.00930013860394571,0.0329670853253357,0.0100772569880757,0.0205511008836034,0.0130355535337794,0.0103596246996969,0.0136867591201065,0.0196227359987618,-939.232980670118
363,0.00765911252778304,0.0228726724691929,0.00488671763565183,0.0274876010573276,0.0137983987444849,0.023235400996738,0.0135881471165473,0.0198507530126187,-936.972277027186
364,0.0142958092909168,0.0203507326573072,0.00227498214071751,0.0285658058428368,0.00725644502509448,0.0141838589922426,0.018615936852227,0.0285016290883386,-936.960742828309
365,0.0134487917038692,0.0203888539703126,0.0136055205032344,0.0264616057901699,0.0157636444681562,0.0142730018733589,0.0184463536681656,0.0217133210974584,-940.334082301355
366,0.00668809079137195,0.0282138374612164,0.00169918632269651,0.0212567005696036,0.00843601233195419,0.0200384067311253,0.0168443938623613,0.0216072496533057,-935.72203608159
367,0.0057080566187609,0.0224550819258743,0.00519950853418024,0.015290127442273,0.00896385301042696,0.0169794570438097,0.0156010286030284,0.0265573387139771,-937.669631013485
368,0.00814392638419859,0.0377396702442045,0.00238765186133195,0.0249453146574005,0.0102029875264383,0.0184910012826201,0.0114529278897388,0.0178586748506884,-939.376188903314
369,0.0048131528609322,0.0259006784297423,0.00323378946092322,0.0205250532539698,0.0125215939769776,0.0197013792512386,0.0214432199038892,0.0345470444871312,-937.955420950787
370,0.00555468087099282,0.0254828145089525,0.00886209954824031,0.0241415882634966,0.0127881843144456,0.0151628389296504,0.0189641641845806,0.0300597439970009,-936.611818004401
371,0.00830794398063135,0.0246939591272507,0.00686574820187102,0.0164998401477716,0.0107160533331028,0.0170297992473867,0.0184966166990912,0.0294986416086731,-935.713454767853
372,0.013350122741517,0.0259494971726638,0.00155624804671117,0.0197952280421347,0.00985061663890643,0.0179296303295467,0.0191086953834754,0.0260868006278548,-935.172016524479
373,0.0153689227863157,0.0188471331806348,0.00547114351506479,0.0305891946781531,0.0108332962375361,0.0147935307830264,0.0160418992221984,0.0294044895520631,-936.385608017217
374,0.014604663672553,0.0178422273403885,0.00535402605643739,0.0260047308190085,0.00962481297932748,0.0151252029274873,0.0186684305111825,0.0326009236429222,-936.203972982407
375,0.0151187670222891,0.0269158116554147,0.00713186498708244,0.0125140483100503,0.0111625365455705,0.0141598648549841,0.0192842606470888,0.02353260586359,-938.225420831984
376,0.0144114275971142,0.0207402874768597,0.000954008480420935,0.0110517844864424,0.0114512632084135,0.0130562291392398,0.0152583134471641,0.0213781836844757,-939.263965956974
377,0.00973970565461998,0.0180343432885548,0.00781230052515044,0.0298461148335288,0.0110332765828975,0.0187948274439102,0.0197918238988612,0.0329311650888984,-936.822261301255
378,0.0125499451531925,0.0230183987728968,0.00553168350908617,0.0293345375920868,0.0108914762526661,0.0209974036342371,0.0211303069495596,0.0223300970216817,-936.269278809249
379,0.00859031939445391,0.0221831069431527,0.00212983453656952,0.032601024123976,0.00934792183505705,0.0205912931360508,0.013982517870083,0.0173018216417131,-935.920750961512
380,0.00893863996156064,0.0230495117667199,0.00250960365262215,0.0168726898423937,0.0115052169877676,0.0203771182259476,0.0157023417578345,0.0210967175135216,-934.791408916731
381,0.0106931491184351,0.0220316394189015,0.0025124704034453,0.0158272560913114,0.0154307957781148,0.0111903287465456,0.0143087216059688,0.0242648246186557,-938.233176473032
382,0.0181196184779509,0.0223088120968266,0.00671980347066049,0.0300384337362706,0.00923720826660593,0.014189609805069,0.0143896197512363,0.0174044083963864,-937.451847683421
383,0.0181292925647357,0.0178948109289413,0.00515346916723389,0.0298952627963564,0.00931571006408288,0.017317648001461,0.0175446775183848,0.0301845403209363,-936.925358582064
384,0.00949720138545777,0.020484522171418,0.00373935819082422,0.0355017338342342,0.0102408125518476,0.0182836707009649,0.0174216608952864,0.0198647611444303,-935.353481576953
385,0.0124952434144356,0.0216013762415404,0.00225968795880074,0.0328028875477255,0.00936250781472844,0.0123390945965738,0.0177055527999081,0.0329993049593837,-937.484437332342
386,0.0150270635966329,0.0223430758469063,0.00699737014400267,0.0162017077710564,0.008169725538791,0.0155224386952952,0.0190348538016397,0.0267255331882072,-937.058075997269
387,0.0149851166532326,0.0278006879496091,0.0100058858108957,0.0195550594418545,0.0112167045152027,0.0179124073616682,0.0169756892979862,0.030001674568479,-938.307437146113
388,0.00314255742412677,0.0224931323253995,0.00424955970992164,0.0179418263778534,0.0119674131457939,0.0156340215473508,0.0179450476350294,0.0200616866429496,-938.679690975986
389,0.00431061872450926,0.0217151771492259,0.00492659809692794,0.0299200999500696,0.0135575619270703,0.0132849416754681,0.0178845932738464,0.0193331809916563,-938.355457327816
390,0.0128755532853657,0.027655825646802,0.00715407858929097,0.0171132504255828,0.0129349335536485,0.00979976582824051,0.0185090386783619,0.0259527097707405,-938.282549343662
391,0.00869008711960605,0.0283678273816472,0.0031150076792056,0.0274691080274402,0.00810967452684931,0.0101660938755074,0.0223863719351656,0.0278839970766334,-939.926680392899
392,0.00841293121601892,0.02653631858323,0.00389884528651721,0.0163166227364133,0.0145629062579148,0.012674623058072,0.0132972962773461,0.0160102167563521,-937.297950765872
393,0.0113502531325266,0.026143612567801,0.0036377538171256,0.0275205917487316,0.0154763256572636,0.0267422962320271,0.0204481804269762,0.0299340155277526,-940.680672668191
394,0.00967925397707991,0.0195462767322218,0.00396936178505468,0.0291014091066774,0.0169974498569108,0.0101957435958273,0.0171175741449038,0.0177025792331951,-940.041269915397
395,0.0117922653502086,0.0222583385019183,0.00328778086656647,0.01794750350702,0.00985525066267266,0.0185980264232054,0.0175503030607507,0.013389470299,-935.531631553605
396,0.0142534113955441,0.0225090796791831,0.00295483940987652,0.0280747766504332,0.0152604955401665,0.016536830310242,0.0175721397048217,0.0215071456697667,-936.906568986056
397,0.00720464223337942,0.0149754366005147,0.00791228228427848,0.0282241936109868,0.0103085294493375,0.0182807938653728,0.0209522582147064,0.0280419817644522,-939.510811570416
398,0.0173836967268254,0.0270817296159938,0.000186172195419347,0.0175038743347758,0.00947478159518492,0.0173741916116479,0.0148526715349954,0.0259767161180252,-939.415801698139
399,0.0119655400159749,0.0206957662145813,0.0139526663675697,0.0320598171239805,0.00925680213796517,0.0110768995805928,0.0137879862615322,0.0283146909051483,-940.283629870511
400,0.0119056972842409,0.0157461029442811,0.00310025077220655,0.0360118533460439,0.0118817646951632,0.0279454255633926,0.0186594389020504,0.0342250455007855,-940.039407018024
401,0.00724378974624728,0.0164202012376976,0.00227994677505956,0.0287793225325026,0.00781726846968279,0.0134506229038621,0.0198832786240994,0.0195332627232767,-940.426196266412
402,0.0137314257633774,0.0267224932878387,0.00265368445967382,0.0334536045989057,0.0107461915046915,0.0200179009113559,0.0146882278210788,0.0220589765218857,-936.877214144799
403,0.00593430171995097,0.0187585280999562,0.0040566910542323,0.0355903287648846,0.00926828413495549,0.0212255958216468,0.0173677756862711,0.0254190917214125,-938.270201939978
404,0.00654802832616033,0.0207697156505257,0.0100628652670592,0.0328488221543047,0.0105738508104997,0.0307022130028715,0.0193339423943536,0.0243957099824605,-940.68993080783
405,0.0101638274351516,0.0221274090404431,0.00781732742839035,0.0232006908456037,0.010770708958419,0.0142847111227469,0.0177273512056721,0.0203407984606584,-934.675508723069
406,0.0144813173750163,0.021053016020126,6.63153495519532e-05,0.0307140778140374,0.011531291819894,0.0220712167854418,0.0155344297072041,0.0289814844964131,-939.766200450305
407,0.0120446010068432,0.0249426661486473,6.35402895398917e-05,0.017709448544783,0.00798343644211849,0.0203725011891477,0.0181625454344893,0.030763640792301,-940.021653321302
408,0.0142892361535418,0.0272639157086279,0.0106575497349155,0.0249188901480559,0.0135730291459174,0.0161385989724486,0.0162286124087647,0.0260167710375981,-938.588457519994
409,0.0138342043683439,0.0254250599933468,0.00525894243641964,0.0244582245054122,0.0145382699283634,0.0198805511910688,0.0185606449742057,0.030494359308847,-937.8480641122
410,0.0158624775469441,0.0228829139840161,0.0029780693424292,0.0198931283062895,0.00501137060464337,0.0198946182326447,0.0190661566196775,0.0252422984772242,-940.415008207481
411,0.00968304763248726,0.0217450773650152,0.00257645064893303,0.0238834616320776,0.0200116827054131,0.0311247627594195,0.0154101159490081,0.0171812135262694,-945.442692548551
412,0.0113573769284451,0.0207131537285432,0.00232003089811429,0.0192441665292196,0.00857569769594218,0.0260090559525667,0.0181405517200749,0.0154716666060597,-936.767744312575
413,0.00915279462928371,0.0206598813631134,0.00446900743251692,0.018717947836512,0.00873369113046151,0.01199078623891,0.0164132177369647,0.0288764763777096,-936.92235358517
414,0.0105951219635708,0.0206595473866641,0.00583593250650357,0.0289941536664533,0.0128329365140374,0.0190666034841273,0.0145543284590113,0.0224925088463773,-935.355667718008
415,0.0114516891302841,0.020569399803231,0.00513588797147888,0.0287447589996974,0.00926830120137705,0.0134553693028966,0.0147492580017781,0.0239858693243565,-935.157180809325
416,0.0128659047311182,0.0199279999915437,0.00625475746839771,0.0197408373597919,0.0120800103932071,0.0269159981534312,0.0167428592534346,0.0170448870152536,-937.154591493779
417,0.0129548659350258,0.0190186583454726,0.00612559978394354,0.0300992797917443,0.0100070517973122,0.0261579106892277,0.0160484812957905,0.0208450497045594,-936.09362738373
418,0.0111151620957791,0.0225080155289195,0.00186243177277364,0.0185126166584226,0.00900613344328594,0.0309819103956955,0.0158421873566778,0.0276153130664554,-938.358137452163
419,0.0106119552123488,0.0273578050220608,0.0050195822298644,0.017001259823617,0.00709739400657889,0.0161444696301036,0.0156893871651817,0.032127818480487,-938.224867313308
420,0.0119031761257244,0.0241718936428541,0.00726023706558382,0.020103532492528,0.016790260224018,0.0180061270599309,0.0194463579792912,0.0280301075039433,-939.007669291234
421,0.0115576912959747,0.0165488969254546,0.00308888871289723,0.024616076784293,0.016323033891998,0.0156707818926776,0.0207039506726823,0.0252999402592672,-938.803549356461
422,0.0124976770180951,0.0287085671706471,0.00437339558542854,0.0234652666417783,0.0155462056362943,0.015751860923177,0.0179525109623976,0.0224220083081867,-937.660339808996
423,0.0141241385144388,0.0187385043230457,0.00616962789040381,0.0257757840892217,0.00822012945969768,0.0220483095441953,0.0158658375168475,0.0219136571344189,-935.474696020883
424,0.0183309877926969,0.0166776971310305,0.00380706186476961,0.0174148262034867,0.0102110479486671,0.0155758164456246,0.0242621086509873,0.0274169108106427,-939.663709795593
425,0.0110287230065262,0.0261253261613771,0.00923103511286391,0.0339315053120523,0.0112920734960224,0.0171372463288708,0.0241415205262531,0.0228830193956051,-940.390348966221
426,0.00525319442913699,0.0231683533023477,0.0165465485473883,0.0269216086028446,0.0131900899215639,0.013162346562298,0.0147787142437943,0.0313394001804425,-939.453404550616
427,0.00438976578104179,0.0282161194111381,0.013235901705281,0.0395529898405365,0.00886577308734719,0.0266521368314704,0.0164615562730509,0.0240593177409866,-942.353323646224
428,0.00330166944357077,0.0151012184308308,0.0142062434143522,0.0316243774649518,0.0114701058825884,0.0226619028806888,0.0157680423334909,0.0350476901405699,-945.825589594249
429,0.0190014420016011,0.0233938046329353,0.00118581879337261,0.0232888199570058,0.0102524250551993,0.0200886294966807,0.0193552022682519,0.0211324683643647,-937.203288498549
430,0.0187132589527344,0.0158528940927789,0.00654445871605642,0.0248975167309139,0.0108679671882717,0.021259790991443,0.0176907413270078,0.0218190029095393,-937.114914881211
431,0.0119085269570328,0.026817432365616,0.00404710890356569,0.022964479370943,0.00675054651041596,0.0199499917623812,0.0182787296744332,0.0371025487051542,-939.014747994931
432,0.00872151552279458,0.0238541681364079,0.00639891259386025,0.0240407596158164,0.0132963010920962,0.0177751903462013,0.0200384098402828,0.0189725170121231,-936.201752604495
433,0.0121856436053614,0.0222823025032251,0.0101755440712361,0.0318626315729012,0.0134235719708919,0.0157687029486361,0.0160710508002022,0.0247729921166748,-937.276156072663
434,0.00938730053461144,0.0242545996475696,0.00453857887076948,0.0284003414590875,0.0141900657046419,0.0208360270652361,0.0182557509260054,0.0241532586910368,-936.177328631469
435,0.0110270708377738,0.0222335808117207,0.00433246148960246,0.0213481405160146,0.0078750180895505,0.0240070862069173,0.0206945189797864,0.0252972382744713,-936.510107223461
436,0.0087772436718527,0.0193334606984419,0.000988906396072881,0.0206457950136023,0.00794558777852336,0.0133639523348039,0.0153341027793084,0.0212066714228728,-937.585285326011
437,0.0134165158550813,0.0196456095754768,0.00308337863781617,0.0118201047166643,0.0102031329647958,0.0135523596126115,0.0171119745047778,0.0197443767780574,-937.686312108464
438,0.0179210164490085,0.0235881667172826,0.00634151129376021,0.0340733903721214,0.0136163245834928,0.021569375684837,0.0189047019491489,0.0279064765079745,-940.61609359097
439,0.0124927724476579,0.0226691693253711,0.00761278129920571,0.0222560295565019,0.0106500054451225,0.0298877194740292,0.0185908353492554,0.0117418285042053,-939.581831129395
440,0.00853408244211674,0.0253036323249095,0.00491445905318001,0.0175284355845527,0.0115013883655478,0.0339606873246114,0.0132948151660409,0.0150019345176966,-940.544935070799
441,0.0137396379672323,0.0262597952094062,0.00601505777107939,0.0381708235113512,0.0103740586689077,0.0257786358345476,0.0142152897593015,0.0187850282605281,-939.5673219871
442,0.011048670514811,0.0189276809530652,0.00667904675648916,0.0301447872301153,0.00935903840898441,0.0210920570450021,0.0170986591104769,0.02637532997765,-935.329990434597
443,0.00858740639180464,0.0277311582659466,0.00269951776796591,0.021623312705423,0.00890055136214163,0.0183591134313123,0.0194482074804785,0.0314048616590169,-935.844841216351
444,0.00746735416951528,0.0253900229231722,0.00451698953527996,0.0220892593943646,0.00951064820123323,0.0108440741711907,0.0173986903191908,0.0309417568393544,-936.831277585879
445,0.0167389035300057,0.0191173429688821,0.0047105252932099,0.0158974167519104,0.012314695653725,0.0185336124331914,0.0194928516429313,0.0290404034387967,-937.576065235056
446,0.00802776957008802,0.0257757666319271,0.00285194361436364,0.0244797321294917,0.0090366179219928,0.0175630470731001,0.0177434054844261,0.025682759498194,-934.636336080275
447,0.00611136599395053,0.0252068917313743,0.00251356549198884,0.0163090801642162,0.0119785395001971,0.0147983959933792,0.0134388390531501,0.0165182559763658,-936.319820921541
448,0.00592190300888973,0.0238348394819269,0.00176924558064587,0.0251653717977787,0.00904163814667115,0.0250647520657647,0.0176951551299984,0.014296344524661,-937.903805500228
449,0.0178018027450057,0.0247064398073495,0.000635051999453521,0.0252307435271404,0.010363130058401,0.0185786315496822,0.0123585661163805,0.0147942233606905,-938.459464375459
450,0.0185533520016739,0.0202435042049314,0.00459732299941588,0.0213500431779803,0.0104916898603538,0.0157555915690313,0.0152708945624488,0.028592418431746,-936.510368745445
451,0.0187299909384719,0.019865317053037,0.00494338376423986,0.0275949866514419,0.00950776630933912,0.0217662607985588,0.021338556994265,0.0275030486566936,-937.763119975721
452,0.00718998750188286,0.0220671163491022,0.0070994595156003,0.0230378041053089,0.00881606804852733,0.02589771236966,0.019632765640458,0.027697352094429,-937.67749891297
453,0.0138931086118137,0.0211692405417231,0.0132189321833649,0.0201499507282396,0.0107969216696467,0.037595375680724,0.0162532510580739,0.00360361149586662,-946.155100913116
454,0.011951551628399,0.0237120017762147,0.00832854457369572,0.0279973141265632,0.0126904685471211,0.027759109046778,0.0166186399940236,0.0129538860730847,-939.201066341211
455,0.0084479818907134,0.0250267567874496,0.00250600634825423,0.02663162855244,0.0121224929819144,0.0278380439649874,0.0157930413602661,0.0198724959753996,-936.836326599647
456,0.0131723606368162,0.0149292069580448,0.00367893288557633,0.0305447378688486,0.00715619623358946,0.0140081258909273,0.0176621561351539,0.0351166369386511,-940.087106882715
457,0.0156927675663055,0.0165917353143255,0.00980228881777986,0.025613630436391,0.0104549836014976,0.0151956638892421,0.0181057776136995,0.031897278969506,-938.027842734102
458,0.00634250045797593,0.0240718850367319,0.00247627580293125,0.0215241029438749,0.0141339292149604,0.0209163326047775,0.0181442703217784,0.00996958122552482,-939.040604658246
459,0.00565889796669479,0.0236717192852023,0.00518106265456274,0.0246289960268111,0.0116685112082475,0.0239691132584468,0.0200501331010449,0.042535544931903,-940.036582772317
460,0.00628814594304619,0.0270555487207525,0.00682145853963405,0.0286489148713647,0.00864672088991003,0.0182973305743878,0.0229578920339806,0.0241367470545925,-938.503212684761
461,0.00616593667525561,0.0282696666553309,0.00794963064297383,0.026794039090576,0.0109772372918862,0.0181696826164838,0.013217449912674,0.0237625639144154,-936.479626903522
462,0.00259723348766085,0.0292034599665208,0.00355484171449502,0.0321417983804864,0.0113697427441447,0.0248529312042132,0.0159167123183511,0.0317948358802304,-940.932755781882
463,0.003495246392043,0.0299879719053993,0.0112149233418427,0.0221410442431455,0.0100786070722594,0.0175552040587759,0.0169227933059134,0.0200398469367516,-936.850789589111
464,0.00838322338212128,0.0284790092591695,0.00073696548254912,0.0190307289202623,0.0137661602402126,0.0176540546264247,0.0211820574319652,0.0402307203936313,-940.273245429399
465,0.00916803504383282,0.0213383501704452,0.00685046782371561,0.0220071203406776,0.0123862773420379,0.0270537840139165,0.0214027711927323,0.0368040913738503,-939.575514547534
466,0.00773232340407585,0.0280033287970845,0.00332364916980665,0.0223982820548354,0.00948568282180874,0.0257083879969498,0.0156366409090061,0.0188518237139255,-936.073661823675
467,0.00907924034830047,0.0256093784855895,0.00225222696506969,0.0229396325235539,0.011233661146154,0.0162320116140239,0.0178337812753154,0.0308985564318898,-934.998734535127
468,0.016313557696009,0.0238254865995718,0.00554433004702577,0.0310761369785734,0.0153510127667142,0.0157335051948491,0.0226660930334079,0.0294563407776182,-941.012762639051
469,0.0139580625240878,0.0251975104966698,0.00459903562022041,0.0144341816472129,0.0172319716137769,0.0143001721576805,0.0215374287445498,0.0226631237305778,-941.445176925705
470,0.00805524732903297,0.0252551043852098,0.00286349348017517,0.0327394731385606,0.00697868865786822,0.0240433258859477,0.0202191282291268,0.022194747896251,-939.136182917466
471,0.0148974627733929,0.0258586638823936,0.00311593661887019,0.0384091098698918,0.0113559980195325,0.0187849519953098,0.0157375051719327,0.0142218823703342,-938.78926253161
472,0.00920876382320143,0.0241154530528621,0.00806199262865584,0.0263975112003883,0.0112128548910672,0.0227565760184373,0.0161804749693822,0.0274729020862923,-936.119621623185
473,0.0112463137419328,0.0220057097952949,0.0145871918417699,0.0208636161600138,0.00922713489791197,0.0225764830642694,0.0221569641475345,0.0259240804161523,-939.72358958722
474,0.0110078280765385,0.0290576166918054,0.00357212371950473,0.019878499076953,0.00879124770930337,0.0260492935408299,0.0188256133881149,0.0282859163406466,-937.551107616271
475,0.0180475362059593,0.015543355584642,0.00407352727370072,0.0194654898929431,0.00926942153271993,0.0121690356712198,0.0120776950782014,0.0270125089519028,-940.077708099151
476,0.00847064646532077,0.0256525476438459,0.00636761435407084,0.0279817072980482,0.00999065668862983,0.0155544149745327,0.0145667079906185,0.0251017319058325,-935.25677912664
477,0.00569044858562759,0.0299845765937085,0.00386133990731221,0.0224545482294176,0.0145042583824944,0.0199139481462011,0.0175275572750755,0.0178581351817015,-936.958057048407
478,0.00708800917848072,0.0230183226239452,0.00183668640004574,0.0289833566587896,0.0107703999701122,0.0187888915542412,0.0149877417491751,0.0212362709389742,-935.295227073428
479,0.0114712393326606,0.0224060671498545,0.00592364402290908,0.0287568473763389,0.00973266600670664,0.0203157072250304,0.0186953630021182,0.0238083459866326,-934.721362372722
480,0.00830914449652776,0.0207737170141821,0.0081369608224958,0.0208315902889793,0.00848919689576692,0.0146406832948736,0.0173855374329706,0.0182447701265444,-936.379192679417
481,0.018087153101079,0.0215785057492579,0.00542389303521062,0.0183086605297259,0.0071506549070875,0.0176401013691517,0.0200360392384188,0.0246397765450862,-938.191597915296
482,0.0176043492733691,0.0236388626400325,0.00308983490641787,0.0256848358335581,0.00923168986726407,0.0208679296287012,0.0184583461333529,0.0270719057188076,-936.241320975556
483,0.0188187277259999,0.0195788949394517,0.00162800804186984,0.0317956185033084,0.0107009479699266,0.0144999893479611,0.0172380939132927,0.0294877759189992,-937.778834290364
484,0.00482841136908647,0.0370953014167012,0.00715499240037502,0.0180120896719007,0.0125263655171479,0.0214928719538909,0.0174416439277738,0.0195030072414212,-938.716948614116
485,0.00978036807150628,0.0192782417740027,0.00259354813651397,0.0279280201112247,0.0111752226300642,0.0118062246844191,0.0155650976902618,0.0226819294101965,-935.573419476886
486,0.00947889156869414,0.0259989491004443,0.00343248207401488,0.0132802927384436,0.011223852734631,0.0170109683414486,0.0148672296724085,0.0200478598680735,-935.561541792913
487,0.0119367749506937,0.0277098849545272,0.00649966257758324,0.0236090767295732,0.00850099810304964,0.0226626388610418,0.0168977311722216,0.0241552923896798,-936.275330664309
488,0.0120066299734964,0.0235410474779131,0.000664805638269378,0.0119207810456255,0.00965864953771276,0.0128576558047631,0.0153686428863517,0.0126025696620351,-940.330144970952
489,0.0126748933301298,0.0173432779561969,0.00979351074557676,0.0260903002944048,0.0128996197867114,0.0149527979580427,0.0193602011486883,0.0319488405649658,-937.934286055542
490,0.0125663016827124,0.0235386057444436,0.00298514327307571,0.0275929647899259,0.0129076732035184,0.0208435333687282,0.0160655930201915,0.0204442186792663,-935.165149907854
491,0.00817831126157125,0.0242064246978808,0.0036314373793168,0.0204449406783185,0.0109761746279769,0.0197302978991257,0.0162332547463956,0.01167964768556,-935.754438558373
492,0.00780710969369977,0.0293091419840387,0.00710541003252564,0.0246667458114339,0.0111858344350855,0.0187237540021567,0.0149000563273537,0.0336902270274728,-937.802531708686
493,0.00818960742847527,0.0198497330322313,0.00361147549207466,0.0340085454403868,0.0122987721851633,0.0179245855786875,0.0200910287484555,0.0268324173366655,-936.598992669711
494,0.0151041425713328,0.0238962009615916,0.00409064350817285,0.0215063615416506,0.0101615412013763,0.0192311604849623,0.0189894480856247,0.0333779235524957,-936.08740917556
495,0.0125525035101199,0.0259345074365392,0.000572474892255984,0.0258358918058942,0.00818793764830387,0.0167196158576261,0.0207962372846779,0.0343958023581658,-938.422660796336
496,0.0126908789112185,0.0191673168736131,0.000532776088788873,0.0289122761527593,0.00806147231888174,0.0235888834626574,0.0169202951144284,0.0107382228068355,-938.915439066236
497,0.0140422759184724,0.0204657809648668,0.00116621735990234,0.0219963075099045,0.00708972932334959,0.0265540062577052,0.0112357524064042,0.0132355362850907,-940.515549196156
498,0.0145018102202333,0.0170437597520309,0.00123013555873598,0.0254580372726443,0.00934727131874591,0.0123640956141359,0.0161697540245424,0.0151681735887184,-937.107017988887
499,0.0110192509616723,0.020520100760372,0.0105596348583712,0.0242372546204215,0.0123333054724002,0.0157809314703072,0.0119057904533503,0.0198797111759242,-937.436831413327
500,0.0110473256180901,0.0266858859290126,0.0041018905838511,0.0203561979036428,0.0124587060524834,0.0157470706993055,0.0195654070650738,0.0168232326475246,-936.089752337671
501,0.0127940309264448,0.0253447289320352,0.00292165601542592,0.0309445141258479,0.0100682553696549,0.0232457762784569,0.0183296569757549,0.0149218807915655,-937.018716231376
502,0.0144928272959954,0.0233890849621022,0.00518932765983492,0.0189805396801557,0.00856654524938807,0.0180743351660965,0.0164245545038876,0.0203916051782981,-934.833253270798
503,0.00816635490855562,0.0282071429666371,0.00538237998382544,0.0195052132552776,0.0098688186231459,0.0157372434570887,0.012907471092565,0.0204253017708754,-935.135633188468
504,0.00815701819853707,0.0291146716852977,0.00402059765875989,0.0219989367770971,0.00979648747258347,0.0153863052619899,0.0151917032902982,0.016582584459436,-934.736700310158
505,0.0036432912290003,0.0370040059760212,0.00778624763471441,0.0228449421298207,0.0129976039139215,0.0212887716798857,0.0180431191492934,0.0138510227176848,-940.471943438898
506,0.00470621892264436,0.0200839038095532,0.00341195122104387,0.0200663705357435,0.0144201243428854,0.0165429898057375,0.0173433388955759,0.011188813422671,-940.728619489009
507,0.0153778080906499,0.0224848919883648,0.00302954738269277,0.0246782754650586,0.00820405076023636,0.0231407605590455,0.0127477773549701,0.0205495472083242,-936.550766363954
508,0.0148813638836908,0.0200528168087177,0.0037328426464041,0.0224256379672847,0.0129986467073882,0.0135925458899903,0.0190734530976573,0.0250266401234101,-935.628604875484
509,0.0166115594415587,0.0214138103932297,0.00446057723037101,0.0242305731868421,0.0122194515953472,0.011692847114256,0.0167674057230951,0.0271493723343697,-936.550058856636
510,0.0106794169580334,0.0210115683391237,0.00267825749512797,0.0224204908377975,0.00872641057612635,0.0264890449896755,0.0188284883491396,0.0149859905194941,-936.904391105475
511,0.0132151718851111,0.0237499937809963,0.00926121907699367,0.0229071002850253,0.00925109693849827,0.0122241667555584,0.018049354267898,0.0247258277643311,-936.379357253807
512,0.0121710697717927,0.0247098169303985,0.00630748718139988,0.0231853391585718,0.0112091403349925,0.0192776892567001,0.0151990604188042,0.0190326770071339,-934.502564995367
513,0.0164095611356464,0.0164304081701646,0.00167806153412767,0.0285438091477133,0.00879616575890596,0.0195326068932794,0.0174298132797039,0.0282262461875254,-936.232544387464
514,0.0101423041785055,0.0212388263394812,0.00711377465834882,0.0253042239318483,0.011256385656157,0.0162699746923469,0.0163522731924537,0.0315967366577978,-935.624185679614
515,0.00591706822550644,0.0257533500498277,0.00803309333619954,0.0194096485561391,0.0105667952359073,0.0158786210554341,0.0147139092010702,0.0271953164615351,-935.983154421584
516,0.00980369207061002,0.0253771627193868,0.00496200661702368,0.0176439469112354,0.00809532718775809,0.00939167654624486,0.0186759740125704,0.0192840160264589,-938.691544701688
517,0.0153821930771024,0.0203000899266754,0.00746296116542323,0.0195299537299178,0.0100126399017462,0.0080592233829971,0.0164371825481182,0.0220931119571111,-939.239411069735
518,0.00781527050999479,0.0250333205724252,0.00547636857099218,0.0183599750130219,0.0137657738774454,0.00765067965313977,0.0205855161855652,0.0273074878133584,-939.90354636785
519,0.0124168647944475,0.0256043624661663,0.00314310964051731,0.02238201774676,0.0101761506678162,0.0322485415132176,0.0195218415875868,0.0314355708488071,-939.653638031667
520,0.0105463712104042,0.0241595223486362,0.0115454153735832,0.0231570032919483,0.00769335386241559,0.0151276816907179,0.0163961337430337,0.0317461337606017,-938.190633851985
521,0.00800000754576448,0.0239025980563791,0.0113450592833828,0.032052164706801,0.00987867771757284,0.0249088056807263,0.0158480163973226,0.0128812157322526,-938.618995958593
522,0.011986836432352,0.0176745021657947,0.00884113828121522,0.020941231891121,0.00977322949797711,0.0243517790833105,0.0170337000672359,0.0285573294335824,-937.470189628678
523,0.0129680174715683,0.0186227842232334,0.00873990412983728,0.0271261188374243,0.011170266203354,0.0126814418397409,0.014760419683794,0.0284344593010604,-937.159283096084
524,0.0163980025051025,0.0191342450786612,0.00895989787587998,0.0364876719093089,0.0104610336482589,0.014951925500262,0.0145575202200187,0.0193462844610081,-938.073129754636
525,0.00944480334162859,0.0234541726063242,0.00780825511869224,0.024470871792298,0.00973567247434419,0.0168641018623314,0.0196888782167525,0.0286783026551827,-935.299537627415
526,0.0097152907912559,0.0265277978381043,0.0100208422400997,0.0225020139689063,0.0118162812404261,0.0162431693417504,0.0154004248217645,0.0134160808377451,-936.571763471374
527,0.00493876257638999,0.0272229241360668,0.0104745795404977,0.0219612470304284,0.00876069709353833,0.0172745714081923,0.0140695009165769,0.0134542694034477,-937.778135113823
528,0.0101829395998099,0.0285444839641569,0.00535910805372468,0.0219275304046654,0.00687232340083978,0.0182110187248552,0.0179979109187813,0.0262120091673648,-936.988580007763
529,0.00741534187284676,0.0317221205431224,0.00494711162815098,0.0232342871077758,0.0133910758977568,0.0138756402369005,0.0153786032326905,0.026672211042297,-936.374705859908
530,0.0102369082604933,0.0163616253221687,0.00537659831513095,0.0226965878032073,0.00833075550339771,0.0195220792033847,0.0217741916070695,0.0215295871527354,-938.080898145993
531,0.00945638259614228,0.0183261360279199,0.00547011131898174,0.026921101908713,0.0131018155945147,0.0214131051390586,0.0207022049035956,0.0309993895039206,-937.122616518871
532,0.00872258524225509,0.0284704148430152,0.00171181512769231,0.0239977895925873,0.0138889994071876,0.0263418217965078,0.0170544845536698,0.0155140267724913,-938.673563029971
533,0.00750694713244084,0.0226864858870787,0.00145414231787798,0.0285397848283532,0.0100323294419552,0.0260815611484362,0.015633324960693,0.0164158438393476,-936.806252093473
534,0.0124779026027874,0.0171939447667658,0.00609146544551759,0.0288090029639367,0.0107368583780482,0.0219974017881012,0.0161644263567135,0.0237322326586415,-935.480924697174
535,0.0114390123709325,0.0231475774972953,0.00670120346278846,0.031404123938371,0.0100445085724435,0.0221665604369215,0.0169697911383159,0.0198112451765644,-935.406436773969
536,0.00960191699400692,0.0268586218578396,0.0032160660519635,0.0366685224768316,0.01154524590316,0.0196665482896556,0.0160290499614309,0.014831096858571,-937.461410994952
537,0.0122329264715271,0.0271311533956116,0.00317251229096851,0.0244080535301215,0.0102743695689986,0.0154971170003704,0.0181917787253485,0.0199888172181586,-934.809121071929
538,0.0138492482891701,0.0175815478319112,0.0045939787375562,0.03191018888545,0.0101687238166812,0.0250830340720224,0.0158274198397726,0.0181461256544074,-936.255690410676
539,0.0119639180243906,0.0251213170809606,0.00471254691109355,0.0132765840853491,0.0115919231594459,0.0185669516059939,0.0187426942642466,0.0184692635896035,-936.553285805053
540,0.0115682681542888,0.0214485905314912,0.00528877073969935,0.0133318093526981,0.00842293161733795,0.0219280083254488,0.0172221621658877,0.0314061424321718,-938.085086879829
541,0.0120183623337211,0.0168335532383952,0.00896454984385811,0.0274541499678556,0.0116851453808307,0.0130599839801623,0.0191665663450849,0.0305821391906431,-937.470270268546
542,0.0125882938976781,0.0171083603924936,0.00660728386471522,0.0179338888793723,0.010368681922391,0.0142861612209266,0.0175367472005773,0.0209789779969508,-936.259393083558
543,0.0144584828612606,0.022467489156999,0.00419614070592224,0.030690431368161,0.0110133908664431,0.0215434310450456,0.0172504768565583,0.0260479161975511,-935.596926114881
544,0.00947111505375467,0.0285551378157163,0.00486728535099503,0.0245782593947416,0.009363744201162,0.021340751950583,0.0140942368207073,0.019339776848972,-935.512864535421
545,0.00633073514395589,0.0293330421584845,0.00576554724482842,0.0180726519046697,0.0098699757648312,0.0105092646825037,0.0157153803924206,0.0252550009978875,-936.666018481962
546,0.0135272817108483,0.0173956408447524,0.00740102286609714,0.0225023234113485,0.0130648414385064,0.0154228828611332,0.018281661945223,0.0239580232455235,-936.390870953652
547,0.00937529472053496,0.0246094461779586,0.00223242146375597,0.0240546535134261,0.0132627608357853,0.0182264026067118,0.0159688526239762,0.0268561185266196,-935.061441251495
548,0.0126522549423268,0.0193532930993521,0.010746948350838,0.0228091898156877,0.0111818343124022,0.0184447561211226,0.0177953259395495,0.0220634029506933,-936.043348280587
549,0.0150566936069872,0.0228733531969992,0.00470866368634739,0.0128877595179524,0.0109158965499106,0.0142312898820019,0.0161245614437671,0.021502728774373,-936.554643735211
550,0.0142783094074701,0.0224563888185909,0.00396198000191072,0.0217547257886241,0.0119921700652226,0.0221668433759826,0.0164998258175863,0.023247226284127,-934.973471501985
551,0.0112397544638865,0.0246141215587015,0.00327573288923426,0.0256431449336858,0.0131344257771361,0.0181040216571859,0.0131142900983998,0.0146376309144872,-935.900821542825
552,0.0127654992082252,0.0240493104552181,0.000782214559139412,0.0231986941423964,0.0115028504235529,0.0251042331089013,0.0181161623425216,0.0140444341863407,-937.826591330677
553,0.00923648745710301,0.0256315600988391,0.0103495397005337,0.0158772315302463,0.00705005298323707,0.0125527643440887,0.017894328608272,0.0256271948860305,-938.934898100185
554,0.00949705290869382,0.0288397021347596,0.00781420524824425,0.0177548376554811,0.0114819771072971,0.013554381475649,0.0150277384614991,0.0212503115470524,-935.545656045478
555,0.00432056397538864,0.0295697926110853,0.000917066988399905,0.0234071968432201,0.0122265335210774,0.0177253103297313,0.0184582604333947,0.0331287348963352,-938.40599410821
556,0.0123597205929971,0.0173499199423662,0.00523224811115599,0.0294916408746433,0.0119252787954717,0.0115445687538362,0.0198029043692888,0.0245404859693322,-936.903494425533
557,0.0125337593534569,0.0262282968096368,0.00657464091105061,0.0166493783832492,0.00780702177230754,0.0149095700690727,0.0160686842062283,0.0246346572187654,-936.424617724567
558,0.0115512984860657,0.0268288848316369,0.00179628267253671,0.0161423150601891,0.0144251651677643,0.0139189953901464,0.0162866466441508,0.00928722149687526,-940.528398345338
559,0.0104365964740395,0.0240466884081107,0.00836458226144609,0.0313503210636891,0.00950268507518779,0.0203426628651873,0.0133948607746121,0.00989863831487398,-938.104162271042
560,0.0112732953562778,0.0232203262625627,0.00423402739423451,0.0300089685568687,0.0090835126637418,0.0129976461103575,0.0135013149843566,0.0199413532164332,-935.757048417496
561,0.011449550373119,0.0167081085239492,0.00748256617443317,0.0328091637104737,0.0110421069057421,0.0185682212178225,0.0156977407651692,0.0186660057743146,-936.22487409754
562,0.019010167697505,0.0153656274594996,0.000795895121132265,0.0278920832315241,0.0112063322287154,0.0206647839804415,0.0146062302721813,0.0168603239862571,-937.958164352766
563,0.0121070079138085,0.024001491063862,0.00751423920574477,0.0189009567198124,0.0125103552427841,0.0190351194431849,0.0130701886072646,0.0217964581021356,-936.24227413682
564,0.00814992235463212,0.0242946323315047,0.00725431243752489,0.0287828477743958,0.0109250803679279,0.0126006022136047,0.0198580590607314,0.0195684539307577,-936.579605907791
565,0.0135034027813021,0.0208689274903455,0.00668006931443202,0.0287261853981644,0.0103924465031757,0.0152080226079194,0.0208695966083959,0.0282744915142747,-935.901384306616
566,0.00993423488092699,0.0289309565039731,0.00332296637862862,0.0188934727053703,0.0119851734719891,0.0131869719760866,0.0190470725937966,0.0291392262574232,-935.817893661532
567,0.00615908718706706,0.0303957353945744,0.00408425483907747,0.0218524078876703,0.0119141614903731,0.0127924072197116,0.0210058211186227,0.0251514212871729,-936.479085952015
568,0.00832280681512177,0.0214806169964927,0.00113071205600141,0.0265967046195768,0.0118532189103904,0.0183269004400922,0.019960355390974,0.0218805641882614,-935.970178929137
569,0.0194145350175859,0.0181043066068329,0.00403580573111973,0.0320499736847739,0.00959665516132065,0.0188523837712476,0.0147012235129396,0.0266830145571716,-937.632479657428
570,0.00674603606190978,0.0297869834306114,0.00651817430877109,0.0286578484621502,0.0122213891297362,0.0158755704881347,0.0125148745337127,0.0244358026901077,-937.368478721149
571,0.0053936800880656,0.0255639392685688,0.00501216951192367,0.0271055253352076,0.0108033761907289,0.016509956619432,0.0159519455967726,0.0219470615932564,-935.000680901967
572,0.00468502518187309,0.027685310261112,0.00289433889427939,0.0212702549203128,0.0119003745855311,0.0223978399037736,0.0153347388186961,0.0221924137343125,-936.103976514868
573,0.0118594620606261,0.0239999631766511,0.0023060739369223,0.0325827991726459,0.00724151189414958,0.0154762250443617,0.0202794045741505,0.0274122263936757,-937.728254946637
574,0.0119464454008445,0.0194953899968583,0.000636016256195965,0.0241805928576173,0.0130621915376691,0.017619825570684,0.0200902094872924,0.020945874525168,-936.743447925403
575,0.0124128369597108,0.0218293518641569,0.0103640941047083,0.0159772650550949,0.0111054784686122,0.0171159195407011,0.0178379463906748,0.0179770195238724,-936.72368845783
576,0.00612196884034088,0.0245493226859234,0.000917709243656408,0.0187307661057393,0.0134530404118958,0.0169155122972639,0.0144341797525709,0.0157589210554131,-937.145172607121
577,0.0178348759800072,0.0203519466394938,0.00267361851240829,0.0261538610099578,0.0135498432457335,0.0163624415881196,0.0159576363454976,0.0147157798762087,-937.457805293798
578,0.0157299476853414,0.0235775096452974,0.00491742329410957,0.0255064790351769,0.0121655590726933,0.017141945849948,0.0177481653101778,0.0144438956212412,-936.706419646382
579,0.00648851121490544,0.0214149115663656,0.00352877202342186,0.0258595725737327,0.0125930429527069,0.0303910432656408,0.0111223602932312,0.0161971366018012,-941.413959159893
580,0.00820885662073655,0.0235844597966188,0.00244731079182223,0.0189531436955545,0.0125248869591642,0.0278539663208176,0.0113374316966618,0.0153862248488184,-939.496865037897
581,0.0191748123592237,0.0262408774790471,0.00596688538840033,0.0253642056938414,0.0100180866052927,0.0180757056128932,0.0156397429063757,0.0291216489974421,-938.535963850604
582,0.0135291416759574,0.0222660023612473,0.00464301534018139,0.0236588529703804,0.0108651380103584,0.0135833341650897,0.0189148337946767,0.0324160994984685,-935.603483134831
583,0.0140192695143553,0.0228983596343981,0.0037204664054887,0.0261569885502563,0.0112448545857877,0.0231807976343541,0.0198158107882058,0.0260473784416531,-935.821229209689
584,0.00830786892434756,0.0179261845962236,0.00284783533358712,0.0243924837181399,0.0142866740887064,0.015205015059001,0.0204705003248735,0.0197029280671092,-937.899416613471
585,0.0188982281964599,0.0260442984429048,0.00130898208137266,0.022608773487484,0.0136545922751106,0.0159364399067993,0.0135249262331955,0.0178480179510448,-938.828677400469
586,0.00669348982222075,0.022396921832222,0.00397617542533426,0.0239540053205167,0.00803639518971895,0.0149360702960509,0.0143842326971067,0.0128397340816959,-937.460691634077
587,0.0146554572516547,0.0226418561674644,0.00227461713216792,0.0221132182786287,0.0108091578774029,0.0189224279257441,0.0137680173374642,0.0239033964492638,-934.873701045837
588,0.0108640681495415,0.0204590905599861,0.00309190540437998,0.022340057743427,0.0088284439428951,0.0242550523789256,0.0177499253081787,0.02261660373574,-934.866561878573
589,0.0179858412333095,0.0182716422327489,0.00239971486364528,0.0193562607687602,0.00894699241791261,0.0183880134440993,0.0196002485590189,0.0219358995372342,-936.249933578197
590,0.00782789270453347,0.02523330892966,0.00609181347455553,0.0200440904179961,0.013361972504496,0.00960475216970429,0.0180764314730757,0.0225826934885657,-937.056416192233
591,0.00973715073568396,0.0218035210102388,0.00248521462566146,0.0230784478285635,0.0100463922653338,0.0248548366436525,0.0173568999437926,0.026511137254668,-935.186659286488
592,0.00748807839905377,0.0208207526283075,0.00207171634448584,0.016818005713047,0.00873351391306172,0.0136257496331917,0.0184798947095905,0.0198886786560982,-937.573124686929
593,0.0119661319231459,0.0263813814988285,0.00328884659780661,0.0207527135825236,0.010630985748729,0.0202192049195116,0.0130484921159246,0.0243413177913651,-935.610421049911
594,0.00803963671568115,0.0203607934960849,0.00187113273563987,0.0177786164425054,0.00735939640352511,0.0213711150982373,0.0200924719292379,0.0217204072820117,-938.495747247986
595,0.0183932048836948,0.0232945648755052,0.00443735260695127,0.0196019061893576,0.0123846337573801,0.0120280189203721,0.0166583804927534,0.0222922683104645,-937.035983401701
596,0.0157180840393198,0.0238878705606306,0.00155124895301014,0.0212340162818437,0.00995321726028126,0.0108395086294359,0.0161605516186596,0.0236896233380677,-936.439429205456
597,0.0112013033838734,0.0253864712302708,0.0121885888516467,0.03122447779308,0.0117652709407303,0.02555829222126,0.0152066184260825,0.0137714574666031,-939.658890603536
598,0.0119456851029973,0.022336977167989,0.0117006554666657,0.028583221457718,0.00667116347315112,0.0220702238365265,0.0148454945542638,0.0244632022866355,-939.229009280787
599,0.0156307617827341,0.025412967814132,0.0118644207787293,0.0240001900844392,0.0132549381574039,0.0163345772103546,0.018547891747211,0.0213125621983732,-938.967657001983
600,0.00864420758158616,0.0215083692382446,0.0102834861335082,0.0230486091971868,0.0131219244456525,0.0172191878456112,0.0152636012278308,0.0198552161018055,-936.155848969494
601,0.0106762167171482,0.0202251508001476,0.00328673888196112,0.0284649522627373,0.0133365230890843,0.0153632191597845,0.0162422589064625,0.0221198387133237,-934.865121467422
602,0.0101438260171025,0.0237978629390498,0.00304147468292534,0.0191961560688732,0.0116744060003868,0.01214891677488,0.0175304716340588,0.0194909199251954,-934.87635205956
603,0.0069467596394938,0.0232592105439245,0.00861513052928328,0.0305044275519689,0.0090261779883556,0.0246095711158745,0.0156519449707173,0.0265168967260227,-937.733130562722
604,0.0114344058813333,0.0178757582726291,0.00199272241603074,0.0252027632554098,0.0124514982201094,0.0150869743940095,0.0122361780540688,0.0260677009599063,-937.317903142198
605,0.0105649664929169,0.0175332295429295,0.00176734977175092,0.0265581472036947,0.0116396075520075,0.0222468382655566,0.0146852281552982,0.0245888475399374,-935.974497135213
606,0.0147015373019932,0.0173469435971425,0.00192973433982437,0.0213444984530427,0.0140277633966802,0.0119577692026612,0.018623369397054,0.0304147841622979,-938.098400818042
607,0.0123212478802581,0.0301759770978957,0.00512330709173152,0.0287518204083097,0.00847171205735527,0.0165607525680135,0.0202857157108756,0.028153018342968,-937.950280167652
608,0.00414099163898161,0.0258031943261647,0.0106924897242112,0.022184071863814,0.0117925637326123,0.0157021368285134,0.0195900125735138,0.028158673449331,-937.102845878482
609,0.0123868896408917,0.023245566135978,0.00993481049713987,0.0266076106536878,0.0135595261320154,0.0153233356611286,0.018414661244911,0.0232006669318551,-936.77905595722
610,0.0149790915769657,0.0232843916459578,0.00121835819770723,0.0155236828005514,0.0148451413035532,0.0091990099899182,0.0185739773856374,0.0246316485175999,-940.247362478946
611,0.0146611462838427,0.0258680032536481,0.00196703867160614,0.0211458373279491,0.0107372323189281,0.00894005111931371,0.0158783376763386,0.0284586677674199,-938.429440084612
612,0.0226537290055489,0.0199291210124065,0.00451535734029229,0.021703674522204,0.00932683122981514,0.0125231985567162,0.0183063846928575,0.0178105626014277,-939.152773265763
613,0.0173958922964087,0.0154651110275758,0.00545946394755557,0.0205805105948981,0.0110038286481095,0.0124797506990782,0.0134235971853002,0.0179213705181686,-937.716991956559
614,0.0131522590631111,0.0273638707536573,0.00307168492558874,0.0227400741940311,0.0106254597806044,0.0245300707182905,0.0137158161276749,0.0126180466263952,-937.486366978252
615,0.0102531308808575,0.0186106600410194,0.00252987211874535,0.0285050167721199,0.0111393673201146,0.0234641798972373,0.0164791240887431,0.0217973983847019,-935.087102620312
616,0.0159387259788453,0.0182150488937966,0.00474343614134562,0.0279876018899832,0.0110734257035028,0.0167806533685539,0.0172374729913077,0.0332592764130566,-936.683046426501
617,0.0115822288313808,0.0272393885380046,0.000964679623513483,0.0208156853404151,0.0111495348400432,0.0139666115731734,0.0181818381521706,0.0227341278340903,-935.547417248548
618,0.00506413512152973,0.0255029314538808,0.012241432617558,0.0319110883841882,0.0133663392570205,0.0133238610186209,0.0203113787348167,0.0288838565200404,-938.856061834432
619,0.00665700682508784,0.0258818744302553,0.00899720304218754,0.0162084836882702,0.0106033411160727,0.0104297364340826,0.0145472574712083,0.0286273109648539,-938.170269767135
620,0.0113215163883792,0.0250834823232049,0.00904252163117786,0.0171077481226379,0.0130024775478275,0.0352008821662929,0.0220886943766016,0.0201249481986554,-944.789118330739
621,0.0145779592763654,0.0306755082942313,0.00603463840177095,0.0227835044640338,0.00808123838384363,0.0157600489370224,0.00986526729001834,0.0203276449331819,-941.278517070736
622,0.00248341590868063,0.0287637590127153,0.00845716145060634,0.0235855703310891,0.0143498781184757,0.0131374733034295,0.014861377596053,0.0169399620770284,-938.409806485825
623,0.00811232027300565,0.0241910801872383,0.00410163502013682,0.0302853412568281,0.0142621215628098,0.0186195206962354,0.0195974271006691,0.0218793093795778,-936.676179255461
624,0.0116751162412778,0.0185892359406957,0.00855981716898451,0.0236102349011519,0.00930515793109328,0.0174066059556767,0.0178661658764454,0.0246193450350644,-935.355113632259
625,0.0121672366656117,0.0205975175279641,0.00713168308964684,0.0272627348349011,0.0084190033128563,0.0206690801458484,0.0156761438120414,0.0290125076103853,-936.049004283212
626,0.00816158687543128,0.0201428232788006,0.00157467616666319,0.0269993850704574,0.00894191846027392,0.0194439278448344,0.01539350774258,0.0210826708338568,-935.402674697998
627,0.00990018488252405,0.0226195616117623,0.00479631686550696,0.0315915987405549,0.0120465545416962,0.0202015212108619,0.0145322598865864,0.0258011502470032,-935.934646591634
628,0.0147380795559408,0.0189640751628425,0.00627453000644569,0.0302311920320982,0.0100262864905814,0.0128279272390805,0.0141083879705016,0.0193431372328437,-936.196770087148
629,0.0138738330597972,0.0211561234860073,0.00317537010852126,0.0308592666973479,0.0129087261260282,0.0220740471060628,0.0165709403347348,0.0172703541590704,-936.273710443783
630,0.00735437750782995,0.0189677852897677,0.00551916751279913,0.0277374633721239,0.0138210741498049,0.0206757970361846,0.0164185858838147,0.0233130147423544,-936.776199062899
631,0.0140702322772908,0.0216636377543295,0.0041655651551275,0.0214048356875321,0.0119772064260707,0.0186443464663522,0.0155538589116397,0.015302104204337,-934.848701347194
632,0.013641989247487,0.0237018005978964,0.00491156436136828,0.0237963160996455,0.0081444753771458,0.0180100757158646,0.0159638944527956,0.0194438187629595,-934.685035484148
633,0.0133686427393451,0.0220059825056399,0.00207993903685355,0.0226904127760258,0.00994674477243845,0.019684592291477,0.0169171589721465,0.0196025347016292,-933.849160232867
634,0.00962811445946595,0.0227565006752244,0.00639928302855002,0.0224604086533828,0.0120986816502473,0.0141511369864721,0.0171750273054123,0.0251837187866152,-934.536175116108
635,0.00687094954158672,0.0239727773442052,0.00131808492077904,0.022923877971408,0.0133494514569298,0.0201366753028783,0.0118221370109892,0.0160533800384989,-937.617978484591
636,0.0110617117359147,0.0200331094178066,0.00580887807229068,0.0250086068483579,0.00993017959313169,0.0159626215800696,0.0217017360980154,0.0401806974517759,-937.437104953104
637,0.0115735397384606,0.0217071813062013,0.0102516148548398,0.0233341193949771,0.00845343354028908,0.0196715083435149,0.0164418771999983,0.0291535318570113,-936.600226892974
638,0.00654279187360345,0.02771671654874,0.00319798931718343,0.0198477345896174,0.0129359322300033,0.0123539704230535,0.0135686682589005,0.0173551146726327,-935.899775723797
639,0.00719428390393258,0.0192699889847042,0.00469348764101214,0.0169427652543253,0.0103040946425014,0.0115110464356,0.0115496724106304,0.0258675282371679,-940.636402069087
640,0.0152970314440525,0.0240548855996387,0.00217818254423368,0.0232502596729563,0.0101959627723818,0.0137854028809649,0.0213960217924741,0.0289670706746535,-936.354574664629
641,0.0109105032939653,0.0235761828921883,0.00384049304536432,0.0248323733803557,0.0118893772498983,0.0161073040608349,0.0144606069090544,0.0108625733659264,-936.044149825673
642,0.00782196168450819,0.0239779760827974,0.00725379540649134,0.0374779598430385,0.0131579392363992,0.0155559240989873,0.0162983108037401,0.0282003236349341,-937.999705955088
643,0.00817936273124984,0.0262923330306827,0.00376449809107128,0.0248266226376761,0.00869098401156726,0.0182043257707484,0.0167911617359363,0.0232068656655834,-934.587743278634
644,0.0104056049110219,0.031704020991804,0.0153922960970383,0.0219899183746803,0.0110165215928173,0.0186534421900468,0.0166083201936892,0.0267613095571544,-939.538407804416
645,0.00999035887543325,0.0166053892438355,0.0026567468447786,0.0398943246658909,0.00863699042146288,0.021681868387478,0.0163099177842045,0.0221294376218854,-937.513087332362
646,0.00838170972582531,0.0146606265210323,0.0046897361786439,0.0162640050396909,0.00887441634715384,0.0186329733518728,0.0122781585574809,0.0240623337440537,-941.871677713382
647,0.0192694437909021,0.0148694744343876,0.0013542422282677,0.0278414034906415,0.0107564584294455,0.0194688198937081,0.019606589114459,0.0360536808725033,-939.126443516918
648,0.0170395876549079,0.0186867734657148,0.00695639868337789,0.0309560677386022,0.0102176955736974,0.0207389122423061,0.0189834742897792,0.0358746374549842,-938.525550423228
649,0.00845205218961474,0.0293408986643441,0.00747455833350763,0.0324142849858036,0.0103298221485781,0.0256673969577346,0.0188306292298767,0.0150664653675286,-939.581816992498
650,0.00394777249685653,0.0301641876523559,0.00613431090258724,0.0307691513527682,0.0122700071672542,0.0240763506774847,0.0177300853943996,0.00826969521991662,-940.831248989114
651,0.00729982633804315,0.0172806062490414,0.00165941805361456,0.0334688488848246,0.009816368058546,0.0320870305177308,0.0142234128331146,0.025903736819036,-941.538054073569
652,0.0119827616762911,0.0234074684579172,0.00105734396477914,0.0163641375620373,0.0111087280626488,0.0298880408384978,0.0133458844638731,0.00853748916969396,-941.131369067672
653,0.0134654909976278,0.02082122008341,0.014511372344822,0.02514790502532,0.00952952263042868,0.0140155417272893,0.0157435153091373,0.0280590051049667,-938.199370962283
654,0.00822844989976652,0.0204700886494373,0.00412322279270357,0.0304288975621711,0.00772656432888505,0.0248373660163533,0.0163179541980692,0.0122931069339843,-938.001110810001
655,0.0151264600831206,0.0271927899862967,0.00607103520533281,0.0229774816695919,0.0112983663549826,0.0205811767049386,0.0156975707046361,0.0268518668107356,-936.851908137255
656,0.00634011900321395,0.0251021151234355,0.00747097720360226,0.0231936451942142,0.00693570444818062,0.0140579029917061,0.0211109329776994,0.0253848203342232,-939.117170037875
657,0.0147650180491823,0.0221357092608216,0.00721540556399881,0.025272276670326,0.00694077365807203,0.0219328154833583,0.020117605073158,0.0264806738170827,-937.895732203129
658,0.00895056648139236,0.0222024242431279,0.00192419366535633,0.0252386866167216,0.011672624348696,0.0124331268354119,0.014489985327518,0.016964701417144,-935.40725235028
659,0.0145980392793367,0.0192174784010293,0.00366595598154247,0.0248413295557329,0.0120109972715977,0.0242870312490993,0.0133806643634408,0.0187840449272729,-936.340914228608
660,0.0138454344344888,0.0214845627850309,0.00321159919971082,0.0196728622108571,0.0110627788193007,0.0220695348166305,0.0131622007421295,0.0125635875473451,-936.291229434464
661,0.0127536871923095,0.0227365601645458,0.00138175509741995,0.0227529480489505,0.010287401463615,0.0218173925171621,0.0192103852633729,0.028166018018917,-935.217137181643
662,0.0110843894502998,0.02589071932286,0.00349917600571458,0.0289600787230101,0.0127760560855282,0.0216790517906987,0.0182190995340139,0.0211453839456074,-936.064141818742
663,0.00863762278146812,0.0210334138365926,0.00336254177246883,0.0123900682874513,0.0114861166097098,0.0174015973304355,0.0202468114162294,0.0281660688823651,-938.109038935695
664,0.0153540777495964,0.0225268348286625,0.00115224338624376,0.017635683624213,0.00871619872228835,0.0187686938958098,0.0164721026959811,0.0245571297477472,-935.549583414611
665,0.0128691502271137,0.021385259593277,0.00692598584236425,0.024388240162874,0.0142258571402763,0.0142704126876822,0.0160388807120264,0.0191124811672989,-936.018671762625
666,0.0145687551461225,0.0184206849978254,0.000921010603090734,0.0189085669457153,0.00737494167819348,0.0182603713653146,0.0160692914489312,0.0219745062993724,-936.625405076026
667,0.0153333332980673,0.0170878739630339,0.00550904019152474,0.0302644628930251,0.0123821260103808,0.0179742045568838,0.0145685103381966,0.0322211205094492,-938.545895437968
668,0.0150499055794464,0.0231568255135632,0.00406073306313737,0.0186697720482733,0.0101099782291535,0.0200154271851499,0.0192853899658095,0.032730622844412,-936.199435755979
669,0.00659998991215495,0.0348920896970496,0.00563571869051771,0.0235311969169785,0.00925405357282436,0.0161819841683908,0.0179925965163609,0.0164300282617532,-937.291528998185
670,0.0106309415946249,0.0159827811457896,0.00440750128982265,0.042596215031284,0.0111257877024581,0.0229593604984418,0.0158335213328707,0.021906225674876,-938.558908149585
671,0.0130801517534499,0.0217105512015773,0.00210107645339869,0.0197640944686971,0.0101757752867795,0.0206766544227511,0.016113115552518,0.0292979533378445,-935.068809852525
672,0.0149186974477599,0.0205324796611875,0.00312771232982552,0.0235993358791705,0.011930483256003,0.0214496701123013,0.0202546747521551,0.0309167998099904,-936.183037003849
673,0.013026703798797,0.0285489724549455,0.00566062969959494,0.0239811586539572,0.00811856553262193,0.0133801012236116,0.0203335573066347,0.0240440404861336,-937.589420679776
674,0.00669609940818293,0.0300465138199507,0.00503590868830231,0.0245783719491724,0.00906939607526095,0.0204768366596194,0.0223599465271108,0.0255458975488728,-937.659993773775
675,0.0100667975970533,0.0245578174429102,0.00375366166236228,0.0219034070322411,0.0100082548890932,0.0220920144638387,0.0206266303265604,0.0367504709755542,-936.819717024093
676,0.00948376765295776,0.025154919038177,0.00421671750168576,0.0202252628963147,0.0128838185080535,0.0189030509214826,0.0213346532428564,0.0189584889076879,-936.670250383108
677,0.0103378246290745,0.0220849994568596,0.00296387010337284,0.0231565657374811,0.00885555595236722,0.0197094512189134,0.0133358700607788,0.0216002094461214,-934.717049070043
678,0.0131629015769604,0.0193968752640695,0.0117570799208181,0.0243320978697685,0.00845622888627171,0.0142684086245376,0.0197699913926471,0.0261924490195725,-937.750382218805
679,0.0211710030182169,0.0218946550788542,0.0117146093718094,0.0203922527887021,0.00912092128948716,0.0152684271704051,0.0147343849345561,0.0292956486301288,-941.362082777159
680,0.0117597710718793,0.0183271898772308,0.00836435854783357,0.0216076713643933,0.00878231521684394,0.0140534836114628,0.0205228202114002,0.0181234006524975,-937.876975899745
681,0.0116681126388271,0.0197502374820036,0.00711254523937131,0.0318040068538954,0.0127119778498957,0.02271923309278,0.0115523291536314,0.0261062169517536,-940.020886798048
682,0.0130728642833003,0.0155367438495356,0.0046527977354361,0.0177656769222896,0.00885505716588473,0.0148363661110266,0.0154994004532484,0.0265334697367482,-937.464368303715
683,0.0196881646415462,0.0249939827491716,0.00161501562753187,0.0133073370130678,0.0125838517563759,0.01233273605741,0.0160999717957835,0.0213161062162849,-939.607034763641
684,0.0198255088477416,0.0258619945364738,0.00844790499822571,0.0205898370504953,0.00977073733654605,0.0198176973516771,0.0150304898243146,0.0211052296874507,-938.783052109591
685,0.00374605904209034,0.03254189776658,0.00492892866053942,0.0180359650915329,0.0105362753430027,0.0194935190732541,0.010288782671168,0.0182007889570513,-939.101030203477
686,0.00750502545180706,0.0280176462778089,0.0126136767450113,0.0199174406077827,0.00771734800052636,0.014881611428182,0.0183415902385652,0.0147321248029024,-939.212612619836
687,0.00289870372394909,0.0290253391677439,0.00819647833650575,0.0289927896711156,0.0115502750391339,0.0200823811886497,0.014207389661849,0.0194881896065887,-937.769596221683
688,0.00488509838034568,0.0302832496561958,0.00162770608873989,0.0231413374550487,0.00965551793624061,0.0144120660227326,0.01490806866484,0.0184530363479518,-936.061926810045
689,0.00445999393116284,0.0265693914403078,0.00134672178468622,0.0229056167757595,0.0127367601236501,0.0151693114356598,0.0152365546752948,0.0202558728698957,-936.380708584025
690,0.00747754243378105,0.0294091007140406,0.00947653460276971,0.0239853024900414,0.00999261772927758,0.0182138361730835,0.012877562043858,0.021995827958031,-936.67366051797
691,0.00514144724623334,0.0237839924853173,0.0047466745630732,0.0189716302096328,0.0100443177874267,0.0152500917047432,0.0122766647137363,0.0232616764212245,-937.304096392182
692,0.0105325027801657,0.0246349900439449,0.00315211455158189,0.0144813211512642,0.0119132533995799,0.0165643516663046,0.0178885950069595,0.025527138590914,-935.335775948191
693,0.00974043709834786,0.0232388586232851,0.00334399079747051,0.0203971326454748,0.013336266479668,0.0124158280890082,0.0148000800363505,0.0156377411011728,-935.626907437566
694,0.0112131081369707,0.0257580619029544,0.00514951058159414,0.0251950436645555,0.0111367463634877,0.0220801942885268,0.0172591254861736,0.0228832445354865,-934.939016826649
695,0.0081147589141394,0.0219036124250211,0.00751269428228981,0.0195492136217991,0.011800465888925,0.0163790335380812,0.0178557956108678,0.0233490295759124,-935.152156084407
696,0.0128209916765701,0.0175976455080827,0.0105600050436934,0.0282743003931448,0.0124358467647499,0.017216286148226,0.0184211229735077,0.0170547048028439,-937.735031503493
697,0.0108127078102594,0.0275982234768554,0.00821206550835051,0.0130187347300582,0.0118653580978022,0.0125197233541293,0.0147186024854425,0.0245883672570871,-937.332516077094
698,0.00882605339514618,0.027523743119456,0.0076647408044313,0.0261111940039996,0.0103907836788118,0.0136495514436436,0.0171355261141036,0.0361592564483257,-937.662697686759
699,0.00699366717770023,0.030962293060678,0.0103312598244553,0.0206134044304263,0.0123616282598461,0.0173390454419745,0.0163648067699537,0.0149409762091985,-937.329205435012
700,0.00423659299257986,0.0272539344490964,0.00764200375914847,0.0264412177603732,0.00952854192227564,0.0155926892280197,0.0136087925636637,0.0077528264264615,-939.586147538339
701,0.0146911851869565,0.02654863161067,0.00594850661480041,0.0241218254874553,0.0114845695317912,0.0135917538915124,0.0121603409522976,0.0266377947865237,-938.179597017768
702,0.0101913780251427,0.0260460345879539,0.00347418036282155,0.0206971696029502,0.00701897303421551,0.00978695090390454,0.0146925511097421,0.0185985474914625,-938.904174667732
703,0.0117646617931069,0.0241896925884946,0.00220042970366051,0.0216758621278835,0.0140783667909314,0.0159894573944121,0.0142652218052608,0.012750022714227,-936.621897530512
704,0.0101584466084423,0.0219130128018892,0.00257354210213011,0.0215621383434257,0.0099019193660122,0.0191726753275842,0.0166731942711886,0.0269322050861835,-934.109576138949
705,0.0134285039316096,0.020284509289927,0.00207656654256936,0.0234169223998066,0.0121536050481121,0.0156044510830422,0.012736024860836,0.0120327744341074,-936.599435016833
706,0.0144644015190388,0.0202437879375748,0.00827816917277444,0.0282850637853641,0.0105669377763657,0.0197254766776568,0.014722151716394,0.0298907581184384,-937.140958644368
707,0.0136864559706678,0.0227883362805822,0.0049732055886074,0.0269801728316799,0.0088619261247553,0.0199953079887564,0.0172878434972136,0.0322841483196845,-935.939618381461
708,0.0140053562584724,0.0240236985015659,0.0123487211288619,0.0149468851170518,0.0112062591275892,0.0139441526218418,0.0191580846294188,0.0364042450778123,-940.129890770482
709,0.011368984133058,0.0236612723986979,0.0118916385678049,0.0319946507329975,0.00930860211854448,0.0126750259542085,0.0197054620151427,0.0383319143565993,-939.960418783007
710,0.0128751069934704,0.0235215965843854,0.000797935720660447,0.0263165386316331,0.00965042327489919,0.0154690290175107,0.0258233808522464,0.0303881403596822,-939.256039370511
711,0.0114073712451266,0.021316808953296,0.00878650933540315,0.0203372617354916,0.012565937280644,0.0188230446970411,0.0257787403622213,0.0369854899242192,-940.071602060922
712,0.0132042429770762,0.0244469682827095,0.00441763064265683,0.0273877782458415,0.0131114407067072,0.0212111417976436,0.01269998752683,0.0377535290598227,-942.211145130879
713,0.0125678216346622,0.0198856815316904,0.005860581918707,0.0210739505090042,0.012763647448111,0.0218175119594847,0.027860550247216,0.0456655324863352,-942.455783290661
714,0.00788504764341472,0.024143086946106,0.00897386327807016,0.0223521749379116,0.0121421901226255,0.02281600027734,0.0195035467290579,0.0410836168054892,-939.707670958926
715,0.010660530135993,0.0234346701439741,0.00668288816752147,0.0199881146698555,0.013256330082923,0.0224730333881566,0.0198727438949637,0.0106456824565501,-939.463104167735
716,0.0100709383801021,0.0216642546618089,0.00722206644496578,0.0222678443896341,0.00949000987545197,0.0180018716353841,0.0157305528585711,0.0045068200613511,-938.749249007228
717,0.00805640393186379,0.0196414566277783,0.00976924161412338,0.0317284827451964,0.0123495710443724,0.0201634404716162,0.0168703159296617,0.0421024649794538,-941.022692754845
718,0.00827773201396821,0.0238267499718787,0.00789367217006703,0.0280622301186732,0.00817860281099398,0.0190312669209382,0.0239077168629137,0.0309270827744695,-938.699481846513
719,0.0139046892610235,0.0216516157280212,0.00113927552004745,0.0158923213108578,0.00756660280089371,0.0196851155609162,0.0161283225509425,0.0132982869216079,-937.950375536744
720,0.00994853582001221,0.0181290956543663,0.0087807916500465,0.0328756678031749,0.0144281916848277,0.0229967046460993,0.0162854909424887,0.0265893823459651,-939.007607601011
721,0.0113596765260183,0.0195882598167782,0.00901877240507083,0.0227007643848514,0.0100188211545174,0.0199882723820532,0.0168835422235094,0.0207965147115819,-935.173157068426
722,0.0123909728109116,0.0260586173338934,0.00273940915305849,0.019980171018088,0.00803556160215149,0.0146048332885534,0.0169234241575109,0.0179753109726983,-935.521647149474
723,0.0114130225426625,0.0290076514825689,0.00275698272463553,0.0188415350062222,0.00891268831042607,0.0276388964807834,0.0165391222870411,0.0242462996603929,-937.615594688046
724,0.00723499778084994,0.0276260307625787,0.00388543634994584,0.0180025696600673,0.0104122108089747,0.0161573540693809,0.0140464994451146,0.0103961378874296,-936.840188680363
725,0.0114366552770634,0.0254262930733711,0.00243199852304108,0.018149252243556,0.00990056900519005,0.0202433701409749,0.0151727373167286,0.0204733569093746,-934.372195939418
726,0.0118600215990295,0.0229083910588709,0.00205665351129241,0.024436303971319,0.00863377363274254,0.0227203193318304,0.0138093564179268,0.0250301631739638,-935.659175119601
727,0.00976363281698874,0.0213369130977795,0.00688786659720924,0.0269241789334242,0.00859393971577666,0.0164201400989436,0.0183107333424197,0.0242758158232292,-935.06186201716
728,0.0136457156503905,0.020244507440135,0.00250937508346903,0.0206250476186142,0.0127234660180343,0.0178445817508777,0.020946502824226,0.0274734268483568,-935.77391310492
729,0.00642243155048105,0.0186764392807722,0.00735345304474751,0.0317428675289335,0.00961085289619688,0.018061700838512,0.0167468335615152,0.0169333322136441,-937.649850779736
730,0.00931719499798807,0.0198825389735048,0.010448091627895,0.0292543737987823,0.0127798820254985,0.0190469583349226,0.0154565287561765,0.0209431858452683,-936.647057461497
731,0.01106396395419,0.0181361223499116,0.00362691789306393,0.0284236571672668,0.00959787215151001,0.022067034597376,0.0135070877950888,0.0220642362135434,-935.509669219283
732,0.0112478616790117,0.0219216765087956,0.00120340992550466,0.0169909261550519,0.0109941878638081,0.013967834864669,0.0165690959092972,0.0218151166653581,-935.123406562047
733,0.0134717964502953,0.0246849163722503,0.00360402182087752,0.0182504015632416,0.00939882213531545,0.0118862941003827,0.0147114039583213,0.0189425232256906,-935.502068482783
734,0.0130034508607718,0.0324404911849387,0.00466856701698058,0.0226368071020194,0.0103838764749001,0.0182333421759803,0.017491645833471,0.0284927920142229,-937.352557988808
735,0.00924071305628152,0.0307839157997499,0.00338710016507624,0.014034791776499,0.011460598088733,0.0108213153210349,0.0178523841099993,0.0235656808114046,-937.208592600719
736,0.0144721289286152,0.0273355818182443,0.00336826856437745,0.0195826926721859,0.0115275231598239,0.0172685049147186,0.0151486839335405,0.0147250406179439,-936.010827409551
737,0.00355418459461088,0.0333695650359844,0.00220031919592543,0.0199494867946317,0.0125672154055836,0.0138251864327654,0.015230107348565,0.0189336442483454,-936.591028497696
738,0.00329902613139851,0.0271166488727491,0.00476290918134441,0.0263731467382096,0.0113649289672936,0.0208053291299772,0.0161683938556022,0.0220694807939185,-936.620115064348
739,0.0140194428989298,0.0263561287517395,0.00458072219001207,0.0226046981991648,0.0112160996499947,0.0125790975435118,0.0156886450591774,0.0289608744474929,-936.250055991724
740,0.00684897787685363,0.0233589153659988,0.00784278469193571,0.0258068122712651,0.0119183916244543,0.0102889602650546,0.0184255107692542,0.020308891863854,-937.162688630119
741,0.0132237388486673,0.0240071031811297,0.0115772400728868,0.0250124853561954,0.0108262142406922,0.0283755762259338,0.0138976137570172,0.00712173181009219,-941.447593750305
742,0.00658659494212463,0.0211716291179933,0.00531181527472058,0.0230445832333947,0.0110037897983964,0.0181454518369915,0.0173926297449798,0.025658377662247,-935.258661357806
743,0.0144632939823778,0.0227675541815918,0.00576448969094,0.0290912587565394,0.0111599726939877,0.016564612515708,0.0125633414487095,0.0140320321826554,-936.652650560958
744,0.0069256258390244,0.02844306769042,0.00127446087136464,0.0240327166711063,0.0121181069261745,0.015113417465851,0.0151266216471516,0.0258937215527059,-935.784379838561
745,0.0102775762214286,0.0251753570932991,0.00900232384154682,0.020973361627689,0.0100861464465247,0.023389684990112,0.0166528859739386,0.0156793348504161,-936.337844368324
746,0.0106965205958703,0.0201127124103281,0.00374644062996476,0.024094751650342,0.0102486486580201,0.0181332787725649,0.0148918331094652,0.0244563404437056,-934.008099972658
747,0.00587566072232632,0.0230277742322936,0.0106765538900373,0.0227894535682703,0.00904375603437186,0.0197362984225969,0.0158455298771088,0.0219505449352286,-936.684889227225
748,0.0161877374654226,0.019877457384445,0.00704046186958457,0.0217768077223566,0.0109771169111277,0.02235315143285,0.0171299079327787,0.0315999065251274,-937.384783820222
749,0.0132425065418652,0.0241892022359763,0.0016443742859096,0.0208097803169311,0.0117432771906514,0.0173418637253792,0.0180519447076274,0.0273281244557377,-934.818252258084
750,0.0128053265136925,0.0237900784947209,0.00474770824439666,0.0325314740184651,0.0106524862418507,0.0142336338308147,0.0145902703791462,0.0220316772030937,-935.592110246437
751,0.0100134230979488,0.0232121097236716,0.011712381135714,0.0303865458609124,0.0111359470763373,0.0152670762773759,0.0166738299945794,0.0275404360317527,-936.600957839984
752,0.0104707827637631,0.0243886455976422,0.00680984274863416,0.031061910766739,0.0103617491577907,0.0184121305463314,0.0220459914091586,0.0389514081693131,-938.180300428533
753,0.00938540951784172,0.0163041732434325,0.00552750329659987,0.0294523220379056,0.0103317951722611,0.0194812221325922,0.0223213010349523,0.0407828566097342,-938.989017974352
754,0.0180350081355724,0.0183432782030357,0.00994074118336973,0.0270353894720816,0.01011985156095,0.010717197788353,0.0170029318695928,0.0181351060652588,-939.20964369404
755,0.0136376805726248,0.0267394266545024,0.00762222323162014,0.0187405639507465,0.00963543389261917,0.022037616097541,0.0159647566960652,0.0188662231497882,-936.33727403829
756,0.00948406745796014,0.0221243915136163,0.00394813202371081,0.0166204549312479,0.00888538758131961,0.0166132320712712,0.0123495884816941,0.0225576419464708,-936.381048099706
757,0.0146669285001924,0.0239693030904954,0.00325896723837691,0.0232610511490591,0.0133944157435818,0.0197179443194146,0.0101034378093904,0.0159228242091715,-939.11423579571
758,0.0161529218593597,0.0230370154540238,0.00326507631224632,0.0180079771736351,0.0111704764435805,0.0112417716245362,0.0221928748419598,0.0272010066026592,-937.976192103951
759,0.0149023113210695,0.0227715398911247,0.00187569196628799,0.0173502641629137,0.0104601991665962,0.0107381692515838,0.0209344658470939,0.0203370706057561,-938.013431049874
760,0.00816875927047555,0.0342370492262004,0.00734816493720213,0.0179767459670863,0.00941651631061895,0.0326096784822753,0.0150997798616991,0.0114331533137958,-942.342857901422
761,0.0017909164386945,0.03287875721911,0.0133347988581366,0.0214576265307553,0.0103108273705772,0.0198555430392262,0.0183110226012026,0.0215932873735095,-939.101442184002
762,0.0091449229395264,0.0237862608755214,0.00024245582775515,0.0193783189147137,0.0107706841326662,0.0200689628943432,0.0148850015403159,0.0237443221682842,-936.961577878619
763,0.015497556317021,0.0184433119190881,0.00304968345919485,0.0206262802538021,0.0124465428299633,0.0198729117868892,0.0211400315160508,0.0290768903182759,-936.771894849481
764,0.0127122787159748,0.0233896899645226,0.00545497157943803,0.0197262825896271,0.0071196435876885,0.014839835135816,0.0170003120271273,0.0133391854280609,-937.729836973705
765,0.0139371923054534,0.0185194106037388,0.00319590928094163,0.0282168696852583,0.0137181928977796,0.0172910677740504,0.0143540642651774,0.0248536811221239,-936.337386771003
766,0.0119454925380313,0.019112719752406,0.00743647742045234,0.0187919655588176,0.0135937142096123,0.0174133610901051,0.0179016726080838,0.0342317440756772,-937.997629927784
767,0.0109039579647733,0.0242914388599202,0.000936163834736291,0.0241190034672499,0.00963624371322104,0.0274359549736563,0.0179594958441743,0.032493149824692,-938.025863742184
768,0.00973307751998051,0.0261142360813725,0.00116264499664573,0.0182330576988517,0.00850474230740601,0.0275317395655908,0.0178194736225544,0.0330680911454309,-939.074788580641
769,0.00839364323229247,0.0177837708821442,0.00598456379068779,0.0311137152537851,0.0108486026752251,0.0164169913903715,0.0194035046682559,0.0280682870302949,-936.34693170155
770,0.0186807827394735,0.0231673644893569,0.00488645951464504,0.0155843495036363,0.0107087426259804,0.0182901641839259,0.0148253469107317,0.0181911343638383,-937.020470626248
771,0.0065881185936933,0.0227516030075331,0.00500733936840277,0.0279976635808212,0.013543244907309,0.0104398209335724,0.0189201014767124,0.0221043770277502,-937.525466224181
772,0.0114223764792483,0.0203665410566649,0.00550851582075831,0.0265348316597955,0.0119371609841186,0.0126828932778296,0.0123921141162606,0.0201863990285423,-936.088248297973
773,0.011956596381638,0.0197521984680249,0.00258275392025146,0.0281319740530501,0.011203958975962,0.0213094410940583,0.0150508027553305,0.0240815366783139,-934.699417256825
774,0.0136137516670278,0.0231262131352036,0.00382539826169491,0.0297685422545942,0.00971699946503846,0.0143082972297429,0.0173449633799264,0.024753437991864,-934.892269724162
775,0.0142075124001548,0.0198456411970925,0.00368259424450193,0.0244902221732425,0.00621743804253661,0.0241022477358767,0.0159997434429432,0.021969742203874,-937.442191510041
776,0.0167256955174857,0.0131139042872208,0.00512290997418985,0.0159398686696179,0.00843048789456493,0.01708904611793,0.0181169799210891,0.0246428699186815,-939.479750766173
777,0.019069518608902,0.0147601557912496,0.00770282754153049,0.0247917819987967,0.0109756129362155,0.0173793434561985,0.0181881480648817,0.022795135611955,-937.709523351908
778,0.01261226870196,0.0152305967672994,0.000947621486833886,0.0325203001938578,0.0104767721591875,0.0262942815232814,0.0148959909078796,0.0155393205470428,-938.637067079021
779,0.0176683461702954,0.0189718173271443,0.00619589693804545,0.0176892150759907,0.010930245110439,0.0227495103526922,0.0159879830701478,0.0279494179528808,-937.825644405778
780,0.011796461646945,0.0239454876877966,0.00341412065173801,0.0292575100950371,0.010193023064076,0.0142279613351691,0.0182906941160148,0.0258927647982781,-934.811548732984
781,0.0105150762631722,0.0186404700450959,0.00368132849436268,0.0186333483593828,0.00981512383851679,0.0178772331945894,0.0197301107399053,0.0223630415711476,-935.380270329935
782,0.0178280529410807,0.0236850089592919,0.00622478601685283,0.0279296610832464,0.012201894850247,0.0129862153590127,0.0197191663559074,0.0271648963922022,-938.129122183354
783,0.00986621049018224,0.0203019181591129,0.0055609945944966,0.0185783169553156,0.011954484304018,0.0184336506710944,0.0164415671469212,0.0197424645047287,-934.733731395088
784,0.0163080839154835,0.0206733589066211,0.00273393394708979,0.0341010517854496,0.011904956577382,0.0201967787569182,0.0184810795554306,0.0193627974945167,-937.071018794303
785,0.0151160272049655,0.0250749436712497,0.00723549595289036,0.0237870912952437,0.0119924976053566,0.0108394629298644,0.0202881203203383,0.0218343236716072,-938.080362737923
786,0.00595294396556763,0.0251614443549451,0.00449562508474325,0.0258365271605599,0.0124268410796166,0.0238352166073047,0.0109773497904374,0.0322690403366567,-942.380262087434
787,0.00410810521234998,0.024266313962081,0.00605983829310261,0.0210015127471903,0.0116160358295329,0.0250960366004325,0.0231269047501572,0.0366240675134064,-940.711740548458
788,0.0110685265165545,0.0223033303962901,0.00176622642164467,0.017117050673442,0.00978795626696077,0.0279255500893284,0.0190470746358094,0.0346496187863125,-938.679008233236
789,0.0108755694761823,0.0260051364470836,0.00448373575300887,0.0250541567439374,0.0102476301839448,0.0211004605053704,0.0178604649543306,0.0130145881638863,-936.155317223935
790,0.0167163742776498,0.0211320091513708,0.00311853279516667,0.0278485975432122,0.0130773303966109,0.0148820068807601,0.0153096676885785,0.0327800306407368,-938.272553868841
791,0.0110609200888929,0.0185615552994621,0.00521383337630296,0.0258375607075223,0.0118214924792127,0.0160909616222094,0.0166740727296611,0.0192041046608919,-934.498181467845
792,0.0122951069655346,0.0205562098491951,0.00198785806154733,0.0285746368984186,0.0081056342890172,0.018992327261631,0.0185281879153148,0.030273648000752,-935.585565991788
793,0.0123991357644458,0.0212953485954761,0.00230015309177307,0.0295512082145115,0.00709508257791981,0.0130671982523016,0.0120490299112001,0.0162318184917,-938.51116017168
794,0.0192545704581048,0.0249759252493965,0.00469680575213475,0.0277767517049333,0.0122581181094373,0.0196056197962971,0.011949720877876,0.0276688732711436,-941.206946150971
795,0.0115657603268116,0.0208117331132895,0.00410690550337403,0.0253632258758391,0.0132567070207064,0.0155335351478868,0.0229646683814375,0.0251366885298375,-936.812706459866
796,0.0105366247308711,0.0241249113014324,0.00367218949830993,0.0190752850809565,0.0149898516819741,0.0128888726340283,0.0193613255700105,0.0222212879448072,-936.578019286689
797,0.0103558820630625,0.0208276850220641,0.00313272465098325,0.0158239605401747,0.0149528204011462,0.0189719846937258,0.0137007497864205,0.0202226026119861,-937.064380833734
798,0.0120409073451227,0.019313362726829,0.00877810651062586,0.0156459939167465,0.0132146195405015,0.0151642345349281,0.0150518306230396,0.0261692062386461,-937.755210741858
799,0.00887656864604432,0.0328569083494807,0.00993305830244318,0.0197806131773821,0.0140482887277211,0.0184693709658374,0.0137050628060611,0.0169439787312742,-939.217888871683
800,0.00819495265712621,0.0180357801700445,0.00136497931235888,0.0203526199652813,0.0109239781525099,0.0193093926749656,0.0116172960628593,0.022179243379428,-938.46895991576
801,0.0153332530438452,0.0246821849476997,0.00047934470336312,0.0198106266717885,0.00827330740356034,0.0115856265338794,0.0196218269203887,0.0304604436989976,-939.276904836976
802,0.00821144718630224,0.0275160078618194,0.00541530075700684,0.0196712970306049,0.00766083009837749,0.0114646028000935,0.0140661310744241,0.0321692822011282,-939.550620357737
803,0.00811338249819142,0.0274452639105737,0.00259892225878526,0.0160026966586015,0.0126574721663303,0.0122640467300675,0.0139245743752169,0.0189662972213378,-936.095749187739
804,0.0115876879636529,0.0217752284861526,0.00186428669839831,0.0298750749683905,0.00878433583510625,0.0201363794061899,0.0184098423459469,0.0256647626493175,-934.935109561251
805,0.00993648827879031,0.0263000698324508,0.00505009981271871,0.0133521139098194,0.0108229632021146,0.0215999637302614,0.0160379644130775,0.0260777752588628,-936.471232446285
806,0.0133467681098028,0.0198120421887718,0.00336733262685477,0.0357195561140701,0.00917436884753159,0.0166472056624178,0.0174449538768667,0.0141561198947197,-936.697665647265
807,0.0138905121560066,0.020790983673526,0.00347581835803278,0.0317292845586292,0.0106389045642632,0.0194521381689444,0.0154286769096252,0.0301429191519237,-936.122052947406
808,0.0079670466991928,0.0233287534520931,0.00513054893657016,0.0277026595959779,0.00829780719275089,0.0185111131417362,0.0160939531985795,0.0154978242701772,-935.688388281006
809,0.00833824227144133,0.0302817562421938,0.00738603843747609,0.0284223553808293,0.0100121868690901,0.0190056206267069,0.0166792951949538,0.0131614899258542,-937.380306064236
810,0.00308358806306497,0.0304944203820496,0.00642150303400427,0.0297823149518571,0.0154907131646918,0.0211832497628487,0.0143565354478555,0.0183210765524312,-939.99071161196
811,0.00355663861009706,0.0305738744924077,0.00517544353760985,0.0125752137953549,0.013358706197467,0.0135563250375424,0.0150115413323425,0.0228693774922583,-938.13254903
812,0.00921792376798083,0.0356322964484677,0.00842522020875902,0.0243547840811161,0.00766878221775755,0.0175562567601212,0.0140076351584402,0.0193513408565504,-939.02161495808
813,0.00647837695067919,0.0342081786479685,0.00761652705100845,0.022199300352591,0.0118139213704507,0.0142608611481447,0.0181574510814312,0.0190618112032903,-936.941755778592
814,0.002917220729106,0.0351167084425359,0.00735467771294511,0.0304674009686794,0.0120280579257673,0.0111205136718329,0.0132251321336535,0.0194853424015637,-939.417831076143
815,0.00419057327911395,0.0339261056053462,0.00980222114265706,0.0125822061797869,0.0123349949063896,0.0193454295538804,0.0131487566053047,0.0201548466382662,-939.098840765311
816,0.00980207893063558,0.0357228514586407,0.00388052455727244,0.0233418516403384,0.010625511234501,0.0165790741841165,0.0208951469278917,0.0236094139008494,-938.238821160579
817,0.00496080497351221,0.0364827437181268,0.00355054507736781,0.0156273834309524,0.0100810809875635,0.0196501832997569,0.0133238819556026,0.0198282037309521,-937.473152536506
818,0.00771671652674023,0.0329630474386425,0.00382747498685533,0.0143887682903583,0.0111866239920451,0.0271871447995099,0.0134831709503542,0.0161551709958523,-939.617519859993
819,0.0100816923347691,0.0204418722738398,0.00211032648576047,0.0247661021466045,0.0123347327362901,0.0120646304046639,0.0159532398956331,0.0104284607627968,-937.904439279675
820,0.0114192343099169,0.0205207141891102,0.0123167575303743,0.0168784876909585,0.00777754847381719,0.0205053480330831,0.0181442830045249,0.0345654010408727,-939.95071814402
821,0.00706811946668539,0.031129150755269,0.0035711316085385,0.0217825176163395,0.0109596679861467,0.0162028815113144,0.0161763293026888,0.018552139115781,-934.75384497093
822,0.00796983939341122,0.0248247944477008,0.00172778366068386,0.0282243449900961,0.0111169423242693,0.0227571689675122,0.0151389742487241,0.0234825829409573,-935.777096326818
823,0.0149018994514221,0.0175225229040879,0.000311397224624649,0.0276602729100048,0.00855480142386295,0.0211003594446162,0.023678518300126,0.0243509016391519,-939.79173255479
824,0.0110049204798736,0.0268844342480991,0.00797264646106534,0.0188286723696722,0.0112655587501327,0.0173882203184309,0.0120562003166307,0.0168730805546247,-936.548411345283
825,0.0085942083716026,0.0268654931567717,0.000450864395773944,0.0260487257785862,0.0122057747511333,0.0198779653544874,0.0170210362295859,0.0297814179180529,-937.434064618169
826,0.0132917506452018,0.024309302580174,0.00605954095213119,0.0222633377444008,0.0116640949410676,0.0195538402654377,0.0176399452079252,0.0283404967403332,-935.340868668217
827,0.0124069852426771,0.027516214071139,0.0071148650892737,0.0219316416818729,0.00760263510680136,0.0210529507191147,0.0144845798722446,0.0273574503422026,-937.696637021682
828,0.0134943686614424,0.0157287721553041,0.00801022752900944,0.0295080635366168,0.0102648581746606,0.0232959425847531,0.0227686630713836,0.0255460713452087,-939.088245379812
829,0.0134878537772786,0.0246832505245928,0.00256426731395844,0.0320866675429556,0.00991698438514022,0.0265522704572366,0.0207650802392616,0.0384534535710114,-939.922175548278
830,0.00669944013967408,0.0306859901627748,0.00270468606845613,0.0127537160717059,0.0127389979245621,0.00914904750497285,0.0183964542637986,0.0239808021656724,-939.336557429192
831,0.00999011051054538,0.0197925069707046,0.0047224063922026,0.0356436767646637,0.011260045975834,0.02590170414418,0.0213703260597312,0.0259843171031114,-938.169436386789
832,0.0062014630665574,0.0215308993273913,0.00799909953124537,0.021325576788888,0.0093051209717722,0.0211945816030156,0.017363240662274,0.0324659504077467,-937.778317101238
833,0.0143221546893025,0.0187834012531661,0.00133163960253637,0.0342266957337838,0.0116370530465454,0.0176109919233932,0.0209943988118,0.0303263743826986,-937.395789725768
834,0.0130915168161511,0.0262629483500722,0.00132649738544258,0.0225052742484669,0.0104424928128798,0.0158988787260159,0.02155468061812,0.0329694856087176,-936.848421159267
835,0.0124051452264584,0.0209510495342485,0.00630438005392962,0.0197304029723925,0.0106170852139699,0.0189005047660827,0.0189157085842836,0.0286740552449691,-935.080598805871
836,0.0147781245752791,0.0233322751931666,0.00326342669154412,0.0278463443640879,0.0105650043766854,0.0192697539589795,0.0175073150866532,0.0166674842485977,-935.19026996135
837,0.0152479273844777,0.0235709441065904,0.0031849547871936,0.0292791730072343,0.0108395099147832,0.0170327456587446,0.0134459065492259,0.0222987191713947,-935.734534959874
838,0.0154750897717463,0.0192776818924855,0.00383345422209424,0.0208011574627563,0.0135394588972577,0.0171214864686904,0.0134867583562414,0.0222290093823638,-936.16436311737
839,0.00872809695684406,0.0189443503438204,0.00362847271569702,0.0244271485793567,0.00730653219418269,0.0274518803055583,0.011936746092036,0.0161602437143855,-939.671083592036
840,0.010495172598881,0.0201169630484269,0.00295953795275662,0.0230896877376335,0.00893162142017684,0.0298796922866884,0.017696407009683,0.0164904557301368,-937.164368337954
841,0.00955404210857386,0.0214508239244825,0.00324883312979828,0.0257230417083177,0.0111811274902508,0.0147827389393903,0.0128314368845787,0.0172211776294782,-934.975456398833
842,0.00961334154387705,0.0276056103907427,0.00664203293285434,0.0207569057485476,0.00811575531064748,0.0152348186239202,0.0126087690872678,0.0235623019805028,-936.745024758209
843,0.0118031653209965,0.0225089328764231,0.0024355651618073,0.0306101724854693,0.012532194876951,0.0238957169707807,0.0105404875602625,0.0219909929282234,-939.985586160917
844,0.0160296021814417,0.0134132564758852,0.00258316006781712,0.0218664861821832,0.0126522129111508,0.0181245339149639,0.010852220261166,0.0166987835213159,-940.064040097512
845,0.0142789089895613,0.0145464497594259,0.00325040089116382,0.0175160485429419,0.00716404107816895,0.0134882381635745,0.018555591829912,0.0312478849082265,-940.560521107575
846,0.0158633523126352,0.0266838408940225,0.00471852084395324,0.0248583236896836,0.0133646426320905,0.0145744015909739,0.0183887318908792,0.0309201162998779,-937.878055021831
847,0.00527089331202821,0.0284897254815472,0.00325483777649209,0.0324751410390187,0.0132768534304742,0.0111349320634901,0.021939050183155,0.0260495503282425,-939.425509095548
848,0.0103230597811398,0.0183928753251805,0.00687567561215451,0.0251904701845683,0.0163675414585387,0.0138136994861486,0.015673486431971,0.0158664989355176,-938.740104130479
849,0.0133435590860314,0.0231622414709938,0.00245623829442681,0.0215254960608826,0.0145291922227909,0.0106565549609423,0.0154095526424304,0.0181611890961504,-936.988315778323
850,0.0130225489347809,0.0244572409676319,0.00211612554296816,0.020558763068973,0.00619663481781739,0.00921329751324616,0.0152853939281796,0.0201491972656202,-940.953597256737
851,0.0124142976661204,0.0232986442558158,0.0025465464453584,0.0239533574535464,0.00684372111245709,0.03236467896628,0.0152926011790074,0.0264789172840004,-939.774701229772
852,0.0135590879584487,0.0226147650052305,0.0017538578230908,0.0180230691533652,0.00666821550649949,0.0229890223237264,0.0198563385926768,0.0240193180702371,-937.832429022064
853,0.00817308509440598,0.0265262151623253,0.0021023405929888,0.0186576504427735,0.00940857814290075,0.0150607853993821,0.0157657955669584,0.024980155410365,-934.864526054597
854,0.00799312800017159,0.0265514853812206,0.0069604019029046,0.0212413551860911,0.00937081821954281,0.0144169721510962,0.016236278438869,0.0245557671805578,-934.848877923672
855,0.00668721191083896,0.0316882600829934,0.0114048600041064,0.0206587375875643,0.0103662007123153,0.0181967713542867,0.0153513606078937,0.0206385841006074,-936.669595845033
856,0.00692197610446018,0.0220728465741957,0.0118952034947039,0.0203497068785898,0.0126737243068803,0.0189786657145028,0.0156335072390965,0.0225295957783589,-937.120306628991
857,0.0114806710131715,0.0224982523791185,0.00906235246139124,0.0251334237316095,0.00922295339906807,0.0175969434761988,0.0157272653344044,0.0198768939406511,-934.89780106848
858,0.0118687580755846,0.0215067704973702,0.00553813385536828,0.0310599328277627,0.0117746929052074,0.0158909105129777,0.0202112521113904,0.0432020743584686,-938.862751146128
859,0.0122534819170382,0.0254117724287483,0.00393628636842876,0.0158266522633441,0.0122422357454679,0.0120809314535772,0.0164997173681499,0.0226233206686358,-935.644732929497
860,0.0130621678526782,0.0341394818828258,0.00435788238789578,0.0168334918952541,0.00955941834526067,0.0199762977869538,0.0164617820409697,0.0142532242650294,-939.084364618067
861,0.00435179133921902,0.0299074276595119,0.00893632690752405,0.0207189951176149,0.0117418662224877,0.0143697835438274,0.0140203842066399,0.00986278914154641,-938.579224717283
862,0.00934950998413868,0.0169046376553852,0.00193806834255779,0.0325876522763345,0.0102220843195991,0.0164236965538656,0.0159129887193619,0.0344304688049057,-938.284589868809
863,0.00770691115403404,0.017104469368631,0.00220474544846467,0.0235496874505712,0.0114796511965582,0.0121002581552398,0.0217157329963675,0.027344902239971,-938.848570668087
864,0.0137065518837869,0.026954984970059,0.0016760425948371,0.0262546145103306,0.0108865231772234,0.013252687289907,0.0203147917346514,0.0216767399917185,-936.854077674002
865,0.0134768654898978,0.0192543515063832,0.00557044880919939,0.0340755440597467,0.0120469181312531,0.0170676271580194,0.013795950874629,0.0226192107926529,-936.477314477158
866,0.0103169094001396,0.0186664583333458,0.00899739316458455,0.0199159285459226,0.0098536946805272,0.0187333157048564,0.0167291810592121,0.0239055902480123,-935.78369527634
867,0.0114350926996259,0.023096644903947,0.00506484110128295,0.0232285428707891,0.0113707711894341,0.0184739161390103,0.0206535895822494,0.0234436776933021,-934.928268679921
868,0.0116418731613271,0.0190569251938275,0.0038294714546393,0.0353503917752937,0.0090721989167283,0.0197327474259707,0.0171270879262999,0.0210167838680809,-935.287144433135
869,0.0133421062719228,0.0243147137327956,0.0116391338672245,0.0315516700252534,0.0128015000007337,0.0182167401411807,0.0174136982013331,0.0210367861050272,-938.065728136151
870,0.00464745388312895,0.0264910334115414,0.0126594095935476,0.0253920800704517,0.0102656331238929,0.0154571711902473,0.0183852966920882,0.0142153503106873,-938.453936257151
871,0.0146571087128197,0.016173698604982,0.0111205092717406,0.0273479621270955,0.0131929552404943,0.0138979571950833,0.0183565454344825,0.0259787127422374,-938.816845776383
872,0.0106935013527884,0.029168674351756,0.00107118155639466,0.0159286836064211,0.00939666254148282,0.0112542785545547,0.0195414957811946,0.0237861416712464,-938.066054049762
873,0.0103291880227861,0.0216928673336402,0.00733527149987493,0.0345728972236459,0.0132434682108407,0.0113226571610035,0.0128579116707679,0.00332976249714732,-944.191557946585
874,0.00983794071971735,0.0215258264614169,0.00222446475857034,0.0389586000625145,0.0112512505408244,0.0186976287475639,0.0166616740988025,0.00477027185802781,-940.29449164977
875,0.0133590505185731,0.0184072722247959,0.00469924492777295,0.0270806031666092,0.0117938886318599,0.018824509847754,0.0154456909810965,0.0091873746731447,-937.561868597063
876,0.0181642839172938,0.0177980644228003,0.00650823185908907,0.0190277608353158,0.00997833152772143,0.0189856219810083,0.0155219415562787,0.0232153008875257,-936.467226591678
877,0.0145194399222414,0.0185556335009828,0.00842652822167484,0.0306826689369724,0.0121898771516668,0.0170082482935907,0.0159857092719689,0.0284940202189409,-937.117697986386
878,0.00701245951249293,0.0203344274500318,0.00915719415969703,0.0131338943028141,0.00961495081769088,0.0155066451521017,0.0193666963584132,0.0270463846591678,-939.0657270663
879,0.010514145344901,0.0199163079051373,0.00917827923885195,0.0358680508624309,0.0105010845562795,0.0186222769860185,0.0208298789312297,0.0277554462723133,-937.316791620322
880,0.0112130825817096,0.0284728452691569,0.00512754582343846,0.0114820657465163,0.0104255490535909,0.0162228673763969,0.0136841595293611,0.0242730278435342,-937.433550406126
881,0.00532202347764912,0.0294820300482392,0.00183476206947743,0.0164185347609626,0.0115920943799778,0.0172851288649175,0.0181025733858083,0.0292459708616016,-936.615349175386
882,0.00682305751212172,0.0280637072292422,0.0130088840843306,0.0337251718888377,0.010417706454962,0.0273770329835781,0.0196246753982569,0.0219603530412612,-941.093069964367
883,0.0104194007059621,0.02140785727637,0.00188289494472556,0.0261879471028861,0.00797565805018134,0.0273916596496357,0.016146008768822,0.0202184578204583,-936.290506082345
884,0.0133068074635834,0.0213970844043407,0.00238514161690276,0.0227990528445498,0.0105461089980716,0.0100673595822018,0.0173493465825593,0.0170350559054293,-936.40575738907
885,0.0103250226713414,0.0271272292261404,0.00731769231808201,0.022335510394136,0.00980446419362406,0.0249645965581493,0.0177535464617862,0.0263593270172513,-936.629310869209
886,0.0122078287385416,0.0247425001079221,0.00870510658814046,0.0310362937292913,0.00902996919724883,0.0183229766896545,0.0167053717920513,0.0253588695496064,-936.174867888238
887,0.0101972589630519,0.0186296192732798,0.00811821483214564,0.0303175598127164,0.0123371333511933,0.0190943199270411,0.021149547044471,0.0267508092782729,-937.027699617299
888,0.0115725754966483,0.0224822646283252,0.00933017193483087,0.0219495445132891,0.0118506371242409,0.0128207590220487,0.0211988610277175,0.0246418226296275,-936.849744686488
889,0.0106942128382194,0.0209332142354087,0.00733342496524441,0.0284535539979145,0.00909986030290278,0.023329526678679,0.0117639385070315,0.0123878390114868,-938.124251053949
890,0.0115578341081924,0.0271005559940742,0.003634713911188,0.0196019296237462,0.00872701430170609,0.0175935661759137,0.0191595996010548,0.0407843594798455,-938.320282461092
891,0.0126793625730728,0.0244861795034991,0.00332803633548237,0.0156393829486998,0.0124065171971616,0.0218615689177659,0.019279157625904,0.0137500118905642,-938.096200353233
892,0.00807206471641932,0.0236422552360039,0.0119761351919275,0.0417437086120546,0.00831641381099019,0.0130507360457943,0.0188860638087998,0.0211245935112315,-940.685826829701
893,0.0122294557833108,0.0174368076385643,0.00203131043351216,0.0333515247709656,0.00923589134645226,0.0153298036190609,0.0166372642178198,0.0160988351403663,-936.204264014477
894,0.0145285054813502,0.0224490350210662,0.00406324937955226,0.0387540800578999,0.0113801949945907,0.016639766868624,0.0154957342938283,0.016296847265193,-937.278806637802
895,0.0142252026527147,0.0243540424620871,0.00425999756416558,0.020237328826022,0.0112890504544194,0.0203431619744302,0.0121972570110142,0.0168350234737427,-936.087007515015
896,0.013899037784136,0.0291091882626081,0.00332698913980989,0.0264412960652866,0.0137579012016801,0.0182951848856999,0.0211937636978557,0.0188940208292837,-939.578534168993
897,0.00384077769090892,0.027443276763636,0.00780170209633676,0.0209241633417811,0.0142516008375241,0.0141880127836416,0.0160786519216976,0.0209139652890594,-936.921620225662
898,0.00994946641489117,0.0287044409054916,0.00427850256205916,0.0197252743343055,0.00843627494813794,0.0182273708049223,0.0162941766445668,0.0164206835492743,-935.48996245747
899,0.0081330182721657,0.0216867788854383,0.00812992993182439,0.0305806077988551,0.0136969047616557,0.0182897692469131,0.0168468966063997,0.0254062567842745,-936.568488407261
900,0.00767166336124601,0.0306642067554624,0.00169380958959073,0.0242345079267711,0.0140006496808801,0.0142047340723493,0.0162015137886464,0.0158489941233826,-937.039814447824
901,0.007880229219582,0.0188774642659535,0.00202397615543198,0.0189043647615931,0.00983941757076371,0.0177940985454455,0.0172528407949072,0.0228721030937174,-935.960348208208
902,0.00954456926890443,0.0179379735851139,0.0141848594823274,0.0231335477812326,0.00996438803617646,0.0188777230688009,0.0177651795911281,0.0228631321491863,-937.760300411201
903,0.0121407749772584,0.0175421163386436,0.00718288528115208,0.0273559946409269,0.010287035183546,0.0133539648848893,0.0196623360547757,0.0209426603819813,-936.367716448421
904,0.0118588021149795,0.0168319041219112,0.00202191516427823,0.0291680344491444,0.00901761964700676,0.0230195241716074,0.0230774984109508,0.0313774930885031,-937.785217751358
905,0.0109994876043498,0.0240426008046567,0.00483124714924999,0.0183724557684455,0.00967456707939646,0.020793544411709,0.023045513544409,0.0293179717965216,-936.885780650681
906,0.0118957085234797,0.0171835518155175,0.00709046261850794,0.0244488592224074,0.00922964324277313,0.0197085931778381,0.0172390788606079,0.0182152556761205,-935.559808285292
907,0.00999600173053732,0.0233303250616785,0.00451391408318727,0.0190678818492581,0.00957387798022086,0.0167220703085064,0.0123466793406451,0.0212602486109939,-935.219781861154
908,0.00705490820112762,0.0198841680892366,0.00787268001645626,0.0172519199285596,0.012965862674653,0.0242389083628167,0.0120844277945045,0.021168644742626,-940.307188493478
909,0.0139743578798622,0.0222288801968892,0.0102865160987655,0.0217004586009295,0.0097142129514765,0.0110051377575572,0.0170408585670785,0.0262775085931497,-937.330435447053
910,0.0106156512094793,0.0218929619909138,0.0088162782647242,0.0233757075582113,0.00886880933696037,0.031897351568809,0.0179720658615394,0.0226574297571819,-938.913497431686
911,0.0112557312964421,0.0208687983071712,0.000509894412122568,0.0238109844182999,0.00785092553937332,0.0104062321831646,0.019595313582642,0.0237117527486495,-939.307557929753
912,0.0143314566271248,0.0200180090926308,0.00782071443393939,0.0276852701431367,0.00898070053024698,0.0288694570417123,0.0203744650652613,0.0247529602844525,-938.679952975911
913,0.0152204663556347,0.0159856854379865,0.0094904267482324,0.0241173288103667,0.00906402387798773,0.0255323257928235,0.0184353283497272,0.0214320979600335,-938.501195757613
914,0.00978696787569413,0.0216139407401842,0.00740292959228834,0.0234583199848518,0.0108733412905821,0.0158149395077579,0.0157456716994985,0.0228329471162557,-934.297157612472
915,0.011023945874782,0.0264562335126671,0.00518325486161808,0.0194643692950483,0.0119923919446609,0.0179353695758414,0.0156870490494982,0.0220345350091123,-934.464612785066
916,0.00378677386414037,0.0248162150283811,0.00290383295469101,0.0268463014581912,0.00884159147738919,0.0139061026331798,0.0190752540984253,0.0267391830860075,-938.144123723031
917,0.0174525717453317,0.0204934176229509,0.00484973839450919,0.0155928858833519,0.00854028174788079,0.0186651089189619,0.0176803117998706,0.0308348464868533,-937.629167861549
918,0.00683691454846181,0.0373800971583563,0.00702880225801254,0.0216484593562415,0.0133918153081504,0.0137402302190349,0.0202672435114134,0.032485410675133,-939.86807817166
919,0.00188140825125784,0.0388366500336774,0.0101059657606979,0.0234507965216487,0.0100460015771036,0.0109735115368736,0.0149268991257844,0.0196192692020867,-940.079678569472
920,0.00853128563641428,0.0147565906116412,0.00884136580079658,0.0330972682134279,0.013317554619595,0.00918011779940483,0.0138411395234424,0.0213300337564526,-942.341848612976
921,0.00738801159506353,0.0298853603523917,0.00875322233835982,0.041300485436905,0.0141803956445222,0.0239834121136708,0.0187966910599448,0.0294177722249637,-943.133808533843
922,0.00705718750827147,0.0301490707913468,0.00138061240087336,0.0151721951883412,0.0100311928104789,0.0239417314216935,0.018253880624409,0.0201291080237605,-937.629212270855
923,0.00650160577354387,0.031690440892017,0.00146574011913891,0.0281105070628619,0.00897675226841229,0.0136825878493692,0.0135297681510411,0.0152912532559011,-937.92140923645
924,0.00996376963241487,0.0260057637780388,0.00184277651084223,0.0208424464461554,0.0151560430593106,0.0123904867849531,0.0155268356028143,0.016124272771129,-937.017712573596
925,0.00908652486735179,0.0272318981362123,0.00164404625622254,0.0190181272917066,0.0169230658651934,0.0171809226063166,0.0197852279432196,0.032625161334103,-939.339951804534
926,0.0149293020641287,0.0198780729144217,0.00380386783566737,0.0197923871899583,0.0161342561728197,0.0195800865088412,0.0177215537612938,0.019820549662713,-938.006674823093
927,0.012306130580304,0.0206642917652638,0.00334201251832494,0.0240999653287805,0.0158728402514003,0.0293859418446999,0.012893617075952,0.0143058754828287,-941.181487169962
928,0.0143689004863888,0.0233163653338536,0.00784188822175714,0.0242282716380849,0.0107934407339078,0.025083278964985,0.0129834271603995,0.017103643307726,-937.572596226293
929,0.011312325940557,0.0188316562487846,0.00358807381678622,0.030621209216887,0.00922077592040613,0.0182873051761506,0.0131281827779702,0.0222870448444247,-935.518661632994
930,0.0149593533351828,0.0209502135180525,0.00756297993931054,0.028685350098761,0.0116987730789855,0.0135927384722891,0.0180455436677266,0.0211201819093566,-936.108377413553
931,0.0072069211917708,0.0263397170311765,0.00307574193514825,0.0167821049540886,0.0119628687750391,0.0164365090336901,0.0169933670864162,0.0215697208465939,-934.758086368062
932,0.0140314142286769,0.0190092211235941,0.0045920156179236,0.021996818027317,0.00976464055687664,0.0189244093668319,0.0166818378471013,0.028878855830926,-934.886580565733
933,0.0156054505402013,0.0217107942991187,0.0039886529652674,0.0253845268984072,0.00945271528612509,0.0212645021681515,0.0182672320334339,0.018846490076866,-935.176631760192
934,0.00583601811803957,0.0315639072307517,0.00156706097721096,0.019490174403636,0.0124474078861431,0.0150885135725661,0.0251017112068395,0.0334889076868363,-939.863428731889
935,0.00612373928101037,0.026981630867512,0.0111617629188197,0.0182404827231346,0.0107402242241054,0.0231076449239286,0.0188782106096137,0.0341245465181767,-938.887642372662
936,0.00227353388833985,0.0298509114171187,0.0148088781629719,0.0228463604598837,0.012007359789238,0.00612788606602795,0.0180190080589616,0.0276374518306538,-943.17546256259
937,0.00413988644729037,0.0301950236489312,0.0128419325957922,0.0195327967101728,0.0121645754987704,0.0231311865746266,0.0203077412390801,0.028483631280399,-939.711176761431
938,0.00711771367389336,0.0323377866057906,0.00929192936861718,0.0265248783004266,0.0145449323788055,0.0188078041052393,0.0224068323488945,0.0279654557214865,-940.688750562709
939,0.00180682781285972,0.0307717501736364,0.0026918354034443,0.0243612970241113,0.00850633740082499,0.0173977490578449,0.0193073592897237,0.0240080305031812,-939.166087086133
940,0.00364206034695459,0.0305404513336205,0.00611802844050437,0.0293038559012827,0.00950852185826351,0.017420615524263,0.0112724963250732,0.0194853976448061,-938.9162711509
941,0.00845026837865191,0.031787879843421,0.00511778227497209,0.0258582306112658,0.0129325335573706,0.0137916697633377,0.0121962140079939,0.0247268813009723,-937.918555403939
942,0.00874367676117597,0.0298355385504295,0.00193637142977241,0.0190595677164853,0.0113822291427552,0.0155171160725637,0.0115206333124047,0.0135259609474516,-937.233676621732
943,0.0068854578930326,0.0303941673438959,0.00353848241010223,0.0252618854171823,0.0101749222525365,0.017848592643312,0.0191710082200898,0.0394368823276672,-938.158835500561
944,0.00746951930025574,0.026912220772469,0.0028911509256961,0.0222181898731531,0.0110479243377876,0.0167323197089784,0.0199786012240145,0.031043992685311,-935.409131177158
945,0.0073757973960879,0.0253445399287395,0.0129958911165805,0.037419035759153,0.00902629355896225,0.0186883095482295,0.0202730660254704,0.0173511643892903,-940.317186987971
946,0.00799997110203047,0.0191918999566089,0.00418070199156744,0.0432209598401898,0.011286839805839,0.0244161684421238,0.0136297699846892,0.016349630127244,-939.831670949877
947,0.0123620167355798,0.0177245931567861,0.00464374333603362,0.0418738988330373,0.0104424371633394,0.0252758522384785,0.0197357347175808,0.0199626408327622,-938.898278309557
948,0.0096753695398076,0.0149991496511896,0.00879471035031771,0.0275433199114923,0.010633785516891,0.0249056519396664,0.0191051307057447,0.0316522850659278,-939.356459154932
949,0.013789382614305,0.0225977363410073,0.0101686801990674,0.021165558103309,0.00988483535339613,0.0243500172196255,0.0213074960797755,0.0307559017427151,-938.719116405338
950,0.0101214415755446,0.0293574386785086,0.00271210969874613,0.0231760498005386,0.0104154170417247,0.0100769906541032,0.021001217801323,0.0328630132041944,-938.353987463814
951,0.0130134485156148,0.0317517494005512,0.00472314335441938,0.0217668104557777,0.00980518682419489,0.0133291082787246,0.0205313798645965,0.0239022634833758,-937.766780377404
952,0.014835545286934,0.0312122908265925,0.00287254846445022,0.0214678416236433,0.013356092851641,0.0136677318687448,0.0125611353633608,0.0208617189614363,-938.67089721011
953,0.0181259848641944,0.0118991818338574,0.00314805853402807,0.0222605858321879,0.011678808783839,0.018688822236432,0.0203404225713702,0.0248842566775529,-939.10684694344
954,0.0174949983911595,0.0291721055856025,0.00125498377926966,0.0203183270248982,0.0108505047881961,0.014222617258115,0.0201890355993264,0.0249156899244651,-938.489594792942
955,0.00384304193114827,0.031606638863151,0.0105227166956003,0.0223705985098412,0.0118665622511286,0.0183301299376919,0.017692490153714,0.0277108953651852,-937.209000816353
956,0.0025256751292952,0.0282324657390386,0.0118437085658637,0.0232633530111059,0.00935277974603252,0.0177373541039386,0.0155992534234249,0.0193443084800824,-937.866770351817
957,0.00973554707467548,0.0196939686906762,0.00561092690665929,0.0323777321514152,0.0114455726501528,0.0200255323833326,0.016526284325771,0.0173396180953524,-935.419439581923
958,0.0149425754525174,0.028353340596364,0.00498971254741794,0.0209139518208678,0.00860625127247787,0.0206227213261858,0.0175968017163364,0.0272007362439235,-936.772525790622
959,0.0110822401932398,0.0269287914970558,0.00283782746244367,0.0241796593213281,0.0120158706261583,0.0140637364524077,0.0165222360392005,0.0211385129899314,-934.562854218355
960,0.0103638001898464,0.0150726227498522,0.00255475435160282,0.0265179177073656,0.0123568456463599,0.021237293467625,0.0181835335572776,0.0285676746292956,-937.185776308347
961,0.0115500321265403,0.0136770949884249,0.00360905286090521,0.0285170487714314,0.00914565576169449,0.0221180927531976,0.0172867141176612,0.0236257802438948,-937.091399410076
962,0.0124562528772287,0.019201086429048,0.00197469331803469,0.0208779469490251,0.0132194566369288,0.0131142889721886,0.0135520169906512,0.0252139400726239,-936.419936185281
963,0.0153421022088897,0.0210231366890746,0.00165690233099626,0.0256143799192029,0.0152681811963529,0.0125121195686429,0.0155735029934315,0.0214850491382332,-937.567182364964
964,0.00931587536612396,0.0196907957652782,0.00481873028788864,0.0188471236782648,0.0157669095896303,0.0230409973865781,0.0167642382443215,0.0166581188994015,-938.359211704937
965,0.01258292776252,0.0183494187850257,0.000437391718920512,0.0196573142792042,0.00816120656933311,0.0197197653166082,0.0170568582291691,0.0270125155433402,-937.042485807763
966,0.0138121444730352,0.0225255122346443,0.00827404433407494,0.0231582142037506,0.00980906511375217,0.017650877039596,0.0173335313415466,0.0203430270109388,-934.964132210716
967,0.00939870520955613,0.0188073792428829,0.00702812091134496,0.0205085345110214,0.00901663754160164,0.0162385444378037,0.0108798520611164,0.0225581560883016,-938.570706663631
968,0.012760748130337,0.0269661442806063,0.00419822174819665,0.0169540809404607,0.0130270696512428,0.0182381388919462,0.0158532942238959,0.0188233880790688,-935.726222435275
969,0.00755723079106529,0.034259329847434,0.00397190014143517,0.0188396407890823,0.0123941298758161,0.0187633350323066,0.0182575352947528,0.0342739111500781,-938.1510770235
970,0.00652939990481655,0.0348997487612144,0.00548449128434014,0.0160010089577743,0.00853252833481289,0.0187773114314395,0.0187642629965171,0.0215881601363072,-937.366529525189
971,0.00725867861805347,0.0322885256717839,0.00660589932198845,0.0133589164973734,0.00875001714206167,0.0202542341407976,0.0133463265515714,0.0227494215760888,-937.889043609759
972,0.00221499134155622,0.0348537964162544,0.0041216819612372,0.0158343366405009,0.0114063306622066,0.0232161774232837,0.0175930190134878,0.0181199748640088,-938.91114181858
973,0.00170336874958859,0.0323202353744684,0.00251552814426143,0.027914938209152,0.0093797738440792,0.0273701740687435,0.0146320017724821,0.0259400944501808,-942.002762868471
974,0.010929094793371,0.0203460742627437,0.00374251058676546,0.0300967641838041,0.0106648437018407,0.0192048447182203,0.0167278328488058,0.0181269503099388,-934.26203844973
975,0.0119647736325846,0.0227698173815,0.00371748138062095,0.0313401953353251,0.0119207819655531,0.0178744128067762,0.0170828909603181,0.0190727724745721,-934.857232539276
976,0.0125204384807396,0.022430418741539,0.0189510769629667,0.0140732714354583,0.00908443222586136,0.0110136757471333,0.0158203500821185,0.0251856020031782,-940.657521757067
977,0.00957930463997631,0.0276608871372344,0.00968884941353556,0.0215499385283138,0.00790821214190842,0.0260155796817162,0.016205875176701,0.0228117126661133,-938.208441679813
978,0.0102447264280158,0.0221593042518365,0.00490206151909782,0.0233709291420354,0.00735450140575231,0.023532211669182,0.0168834379550097,0.0204675482666524,-935.840994286565
979,0.0109602532922468,0.01978855017345,0.0038053163261995,0.0272281217170534,0.0084740265846419,0.0186607611110457,0.0173738206386712,0.0202886912219051,-934.353896631329
980,0.0107885877713551,0.0238627555895864,0.00208192534527153,0.0254824059741927,0.00971510034642632,0.0210975751695522,0.0118749722516997,0.0142579015385819,-936.292529643359
981,0.0151980361989587,0.0220360647577549,0.00477387008011978,0.0204472816195405,0.00975796398273431,0.017535394954721,0.0191336332502788,0.0221763104004915,-934.829725437142
982,0.00899263473055066,0.0289702685221526,0.00412431445531448,0.0254349408913441,0.0111396434318398,0.0189768930325681,0.0180299053756342,0.0267871573376946,-935.19658803444
983,0.00716162188129853,0.020438925147537,0.00407752392549712,0.0214597881532727,0.00915423880087643,0.0154857794713952,0.0183720839656457,0.0251945387334932,-935.785903152883
984,0.00481297999790761,0.0222799121049334,0.00952983062483183,0.0274864586705056,0.0109784236225568,0.0151744255246304,0.0173313645557986,0.0269652537911452,-936.899542423961
985,0.0186781460922918,0.0135128120556023,0.00563217336400692,0.0232388226271453,0.00967964637079217,0.0202453562328441,0.0185553165257953,0.0326214823378164,-938.696871991162
986,0.0112883776503455,0.0260459807393037,0.00593101170131728,0.0217256997585948,0.0109402520516079,0.0220790846295043,0.0187469008927852,0.0292885874720989,-935.840045148639
987,0.0107920378225518,0.0258428452037233,0.000471104886941389,0.0201820285324188,0.0107478442888675,0.0157379122387465,0.0158823151805853,0.0259891981645934,-935.927618859921
988,0.0101887850881793,0.0212793606525967,0.00266110568392058,0.0216445936511644,0.00881355843782136,0.0248930445508895,0.0174832813582686,0.0192115500426237,-935.23648962162
989,0.00960204931257458,0.0232007393496824,0.00490435813872372,0.0169792563217745,0.0115659135867691,0.0151500631673156,0.0177827814343838,0.0253050276039018,-934.710437514898
990,0.0075252541307186,0.0231382757774812,0.00340801816113989,0.0222086380146935,0.010276759022123,0.0174209067223871,0.0208405027974718,0.0213235231573583,-935.541542941855
991,0.00969203188309027,0.0223196529177679,0.00267460596669364,0.0264083223400335,0.00979416109656031,0.013494203352864,0.0164932518335359,0.01575807014083,-934.999663090721
992,0.00548098382851471,0.0356102463210492,0.0153034028396328,0.0139138872496236,0.00882769616232517,0.0143737153759015,0.0164809145272047,0.0258372488375637,-940.032739549006
993,0.0037517543284255,0.0272942687241655,0.02353524383891,0.0275306759607842,0.0124793365316339,0.0128385444849798,0.0156232584817063,0.0214780767822307,-940.477069881604
994,0.0083412867517518,0.0229341715578211,0.00349498129480339,0.0327427263940111,0.0085174106755239,0.0217116514834097,0.018304233762962,0.026054807034888,-936.191506887554
995,0.00739980641348485,0.0310200015816403,0.00499793956940772,0.01551625321709,0.00879796077839023,0.0168695936187424,0.0153264756964606,0.0178720865362487,-935.932488390626
996,0.0102228632056994,0.0223869697437955,0.00442522682993987,0.0232220208820875,0.0112845012422716,0.0114150337811676,0.0158841880742286,0.0287281460314645,-935.589317348653
997,0.00929045315274695,0.0219164998280378,0.00318861175703259,0.0248264954020532,0.00980644986345931,0.0169544171450908,0.0162958313320783,0.0370816731265918,-936.93216347341
998,0.015475137918393,0.0181074665345884,0.00273104988806324,0.0187288768291157,0.00961942405502974,0.0248525878983229,0.0221986315372576,0.0181377343262718,-939.113287707665
999,0.0132724988896937,0.0242375524827209,0.00289223255426112,0.0273756115165933,0.0105789713714441,0.0180466678489728,0.0148034897050071,0.0175917114658844,-934.442148013912
1000,0.00727472992642227,0.0238509276686408,0.00471735034664084,0.0201498978484954,0.0102362398373793,0.0165744889355664,0.0156787827600097,0.0259234733551987,-934.642338112001
